# timestamp longitude latitude u(SD 6m) cur (m/s) u(RTOFS) cur (m/s) v(SD 6m) cur (m/s) u(RTOFS) cur (m/s)
1.691784000000000000e+09 -6.491002649534493685e+01 1.827573009766638279e+01 -1.099999999999999936e-02 -2.318603098392486572e-01 -4.200000000000000261e-02 2.195251733064651489e-02
1.691787600000000000e+09 -6.489876553416252136e+01 1.826176639180630445e+01 -1.280000000000000027e-01 -2.541103959083557129e-01 -1.000000000000000021e-02 2.516565099358558655e-02
1.691791200000000000e+09 -6.489036175422370434e+01 1.826072401832789183e+01 -1.290000000000000036e-01 -2.637106180191040039e-01 -7.000000000000000146e-03 2.919398620724678040e-02
1.691794800000000000e+09 -6.488213344942778349e+01 1.826018233783543110e+01 -1.239999999999999991e-01 -2.701515555381774902e-01 -4.299999999999999656e-02 3.233902156352996826e-02
1.691798400000000000e+09 -6.487343973945826292e+01 1.825977703090757132e+01 -1.079999999999999988e-01 -2.803820371627807617e-01 -5.800000000000000294e-02 3.392812609672546387e-02
1.691802000000000000e+09 -6.486970514059066772e+01 1.825083157047629356e+01 -1.799999999999999933e-01 -2.974673509597778320e-01 -6.199999999999999956e-02 3.580358996987342834e-02
1.691805600000000000e+09 -6.486873237881809473e+01 1.825780958868563175e+01 -1.960000000000000075e-01 -3.111040890216827393e-01 -4.800000000000000100e-02 3.893499821424484253e-02
1.691809200000000000e+09 -6.486723704729229212e+01 1.826296135783195496e+01 -1.670000000000000095e-01 -3.148654699325561523e-01 -1.010000000000000064e-01 4.376270994544029236e-02
1.691812800000000000e+09 -6.486648938152939081e+01 1.825164981186389923e+01 -2.059999999999999887e-01 -3.136847615242004395e-01 4.100000000000000172e-02 4.775784537196159363e-02
1.691816400000000000e+09 -6.486423871479928493e+01 1.825552363414317369e+01 -2.240000000000000047e-01 -3.090963959693908691e-01 1.400000000000000029e-02 4.813760891556739807e-02
1.691820000000000000e+09 -6.486328502185642719e+01 1.825927633792161942e+01 -3.280000000000000138e-01 -2.905328869819641113e-01 6.199999999999999956e-02 4.305300116539001465e-02
1.691823600000000000e+09 -6.485699461307376623e+01 1.825486942660063505e+01 -2.819999999999999729e-01 -2.567114830017089844e-01 5.299999999999999850e-02 3.919866681098937988e-02
1.691827200000000000e+09 -6.484935756772756577e+01 1.824872582685202360e+01 -1.610000000000000042e-01 -2.402552366256713867e-01 8.100000000000000255e-02 3.115877509117126465e-02
1.691830800000000000e+09 -6.484030146617442369e+01 1.824534888379275799e+01 -1.749999999999999889e-01 -2.290112972259521484e-01 1.049999999999999961e-01 2.268907241523265839e-02
1.691834400000000000e+09 -6.482933039311319590e+01 1.824270435143262148e+01 -5.099999999999999672e-02 -1.999135315418243408e-01 6.900000000000000577e-02 -2.338729053735733032e-02
1.691838000000000000e+09 -6.481803506612777710e+01 1.824021811131387949e+01 -1.160000000000000059e-01 -2.131292074918746948e-01 1.250000000000000000e-01 -2.198077738285064697e-02
1.691841600000000000e+09 -6.480528254527598619e+01 1.823701572138816118e+01 -9.700000000000000289e-02 -2.304461598396301270e-01 1.380000000000000115e-01 -1.807125099003314972e-02
1.691845200000000000e+09 -6.479349511675536633e+01 1.823498432524502277e+01 -8.000000000000000167e-03 -2.455951571464538574e-01 8.000000000000000167e-02 -1.912629231810569763e-03
1.691848800000000000e+09 -6.478470987640321255e+01 1.823817820753902197e+01 2.599999999999999881e-02 -2.555687725543975830e-01 2.500000000000000139e-02 2.861235663294792175e-02
1.691852400000000000e+09 -6.477824017871171236e+01 1.824581521097570658e+01 -1.320000000000000062e-01 -2.619990706443786621e-01 2.010000000000000120e-01 5.798536166548728943e-02
1.691856000000000000e+09 -6.477367778308689594e+01 1.824102968908846378e+01 -1.910000000000000031e-01 -2.690945267677307129e-01 4.599999999999999922e-02 8.924452960491180420e-02
1.691859600000000000e+09 -6.477338022552430630e+01 1.824458784889429808e+01 -2.230000000000000038e-01 -2.774289548397064209e-01 4.000000000000000083e-02 1.164886355400085449e-01
1.691863200000000000e+09 -6.477290337905287743e+01 1.824194998014718294e+01 -2.190000000000000002e-01 -2.861900329589843750e-01 4.299999999999999656e-02 1.361483931541442871e-01
1.691866800000000000e+09 -6.477290719281882048e+01 1.824135872069746256e+01 -1.640000000000000069e-01 -2.988815903663635254e-01 2.299999999999999961e-02 1.528380066156387329e-01
1.691870400000000000e+09 -6.477298351004719734e+01 1.824499981943517923e+01 -1.290000000000000036e-01 -3.201862275600433350e-01 1.200000000000000025e-02 1.646051406860351562e-01
1.691874000000000000e+09 -6.477310940623283386e+01 1.824772737454622984e+01 -1.000000000000000056e-01 -3.342958092689514160e-01 4.399999999999999745e-02 1.744804084300994873e-01
1.691877600000000000e+09 -6.477313991636037827e+01 1.825041955802589655e+01 -8.300000000000000433e-02 -3.474384546279907227e-01 6.600000000000000311e-02 1.785141080617904663e-01
1.691881200000000000e+09 -6.477338403929024935e+01 1.825111575890332460e+01 -1.110000000000000014e-01 -3.616744279861450195e-01 1.219999999999999973e-01 1.789024472236633301e-01
1.691884800000000000e+09 -6.477320093661546707e+01 1.824960324447602034e+01 -8.999999999999999667e-02 -3.804490864276885986e-01 1.789999999999999925e-01 1.810620427131652832e-01
1.691888400000000000e+09 -6.477313228882849216e+01 1.824866002891212702e+01 -7.599999999999999811e-02 -3.972831964492797852e-01 1.779999999999999916e-01 1.808147430419921875e-01
1.691892000000000000e+09 -6.478112791199237108e+01 1.823622124269604683e+01 -1.079999999999999988e-01 -3.963173329830169678e-01 1.380000000000000115e-01 1.820984780788421631e-01
1.691895600000000000e+09 -6.478315733838826418e+01 1.825161833781749010e+01 -1.280000000000000027e-01 -3.787955641746520996e-01 1.320000000000000062e-01 1.817912459373474121e-01
1.691899200000000000e+09 -6.478014752268791199e+01 1.826016708277165890e+01 -1.869999999999999996e-01 -3.522882163524627686e-01 1.170000000000000068e-01 1.781110465526580811e-01
1.691902800000000000e+09 -6.477612680755555630e+01 1.826162905432283878e+01 -1.670000000000000095e-01 -3.231420814990997314e-01 7.299999999999999545e-02 1.698645949363708496e-01
1.691906400000000000e+09 -6.477588268462568521e+01 1.826018137391656637e+01 -1.900000000000000022e-01 -2.826558649539947510e-01 3.599999999999999728e-02 1.567723602056503296e-01
1.691910000000000000e+09 -6.477238843683153391e+01 1.826004977803677320e+01 -1.039999999999999952e-01 -2.525773644447326660e-01 2.199999999999999872e-02 1.399391740560531616e-01
1.691913599000000000e+09 -6.477823255117982626e+01 1.823652550578117371e+01 -7.599999999999999811e-02 -2.159394621849060059e-01 7.900000000000000078e-02 1.292689442634582520e-01
1.691917200000000000e+09 -6.478053661063313484e+01 1.825106810778379440e+01 -4.800000000000000100e-02 -1.816587448120117188e-01 9.800000000000000377e-02 1.088055223226547241e-01
1.691920800000000000e+09 -6.476974864024668932e+01 1.825714867562055588e+01 2.500000000000000139e-02 -1.561954915523529053e-01 -9.099999999999999756e-02 9.974585473537445068e-02
1.691924400000000000e+09 -6.478478237986564636e+01 1.823886103928089142e+01 -4.499999999999999833e-02 -1.451985836029052734e-01 1.819999999999999951e-01 9.267100691795349121e-02
1.691927999000000000e+09 -6.477604667656123638e+01 1.826007362455129623e+01 5.000000000000000104e-03 -1.411384642124176025e-01 1.890000000000000013e-01 7.850954681634902954e-02
1.691931600000000000e+09 -6.477425760123878717e+01 1.824377153534442186e+01 -7.299999999999999545e-02 -1.459678858518600464e-01 5.199999999999999761e-02 7.780500501394271851e-02
1.691935200000000000e+09 -6.478041452821344137e+01 1.825102992821484804e+01 -5.500000000000000028e-02 -1.484533250331878662e-01 2.159999999999999976e-01 7.678215205669403076e-02
1.691938800000000000e+09 -6.477410119492560625e+01 1.826112647540867329e+01 -1.179999999999999938e-01 -1.471198201179504395e-01 1.189999999999999947e-01 7.765720784664154053e-02
1.691942400000000000e+09 -6.477077479474246502e+01 1.825183580629527569e+01 -1.439999999999999891e-01 -1.489212512969970703e-01 8.300000000000000433e-02 7.497344911098480225e-02
1.691946000000000000e+09 -6.478401178959757090e+01 1.824365993030369282e+01 -1.650000000000000078e-01 -1.525561511516571045e-01 4.000000000000000083e-02 7.086773961782455444e-02
1.691949600000000000e+09 -6.477682489436119795e+01 1.825850390363484621e+01 -1.330000000000000071e-01 -1.646842211484909058e-01 5.899999999999999689e-02 7.952643185853958130e-02
1.691953200000000000e+09 -6.477000420447438955e+01 1.825944133568555117e+01 -9.900000000000000466e-02 -1.817148625850677490e-01 2.400000000000000050e-02 8.598641306161880493e-02
1.691956800000000000e+09 -6.478316111024469137e+01 1.823684213217347860e+01 -1.320000000000000062e-01 -2.049853503704071045e-01 3.500000000000000333e-02 9.905306249856948853e-02
1.691960400000000000e+09 -6.477894207928329706e+01 1.825416656211018562e+01 -6.900000000000000577e-02 -2.287836670875549316e-01 4.200000000000000261e-02 1.210712790489196777e-01
1.691964000000000000e+09 -6.477057262323796749e+01 1.825980184134095907e+01 -5.299999999999999850e-02 -2.416440844535827637e-01 4.200000000000000261e-02 1.357110738754272461e-01
1.691967600000000000e+09 -6.477737805806100368e+01 1.823713964782655239e+01 -1.000000000000000021e-02 -2.523464560508728027e-01 9.900000000000000466e-02 1.515816450119018555e-01
1.691971200000000000e+09 -6.477979653049260378e+01 1.825250522699207067e+01 -4.399999999999999745e-02 -2.640310525894165039e-01 8.500000000000000611e-02 1.683366149663925171e-01
1.691974800000000000e+09 -6.477154152933508158e+01 1.825873750727623701e+01 -5.700000000000000205e-02 -2.768540382385253906e-01 1.189999999999999947e-01 1.864730119705200195e-01
1.691978400000000000e+09 -6.477483741939067841e+01 1.824249551631510258e+01 -5.199999999999999761e-02 -2.845015525817871094e-01 1.370000000000000107e-01 2.044590711593627930e-01
1.691982000000000000e+09 -6.478254692628979683e+01 1.824698922224342823e+01 -7.199999999999999456e-02 -2.807610332965850830e-01 1.130000000000000032e-01 2.122695744037628174e-01
1.691985600000000000e+09 -6.477473830338567495e+01 1.826232999097555876e+01 -1.260000000000000009e-01 -2.715306282043457031e-01 1.120000000000000023e-01 2.188492417335510254e-01
1.691989200000000000e+09 -6.477114481385797262e+01 1.825060936622321606e+01 -1.079999999999999988e-01 -2.570084333419799805e-01 7.499999999999999722e-02 2.186379879713058472e-01
1.691992800000000000e+09 -6.477334208786487579e+01 1.824252409860491753e+01 -1.280000000000000027e-01 -2.301497161388397217e-01 7.399999999999999634e-02 2.037945091724395752e-01
1.692601200000000000e+09 -6.494845194742083549e+01 2.082824701443314552e+01 1.299999999999999940e-02 -8.210612088441848755e-02 9.199999999999999845e-02 4.034281894564628601e-02
1.692604800000000000e+09 -6.494129556231200695e+01 2.084841915406286716e+01 -6.700000000000000400e-02 -8.976195752620697021e-02 1.449999999999999900e-01 4.157297685742378235e-02
1.692608400000000000e+09 -6.493537898641079664e+01 2.086676114704459906e+01 -1.189999999999999947e-01 -9.302353113889694214e-02 1.320000000000000062e-01 5.206824839115142822e-02
1.692612000000000000e+09 -6.492757794912904501e+01 2.088620468974113464e+01 -7.299999999999999545e-02 -9.459626674652099609e-02 1.499999999999999944e-01 6.451766937971115112e-02
1.692615600000000000e+09 -6.491914743091911077e+01 2.090300650801509619e+01 -6.800000000000000488e-02 -1.032230705022811890e-01 1.280000000000000027e-01 1.118966042995452881e-01
1.692619200000000000e+09 -6.491156767588108778e+01 2.092177861835807562e+01 -6.000000000000000125e-03 -1.176064312458038330e-01 2.550000000000000044e-01 1.580140888690948486e-01
1.692622800000000000e+09 -6.490628431085497141e+01 2.093767066486179829e+01 -8.400000000000000522e-02 -1.016265451908111572e-01 1.719999999999999862e-01 1.778062433004379272e-01
1.692626400000000000e+09 -6.490247720852494240e+01 2.095320220571011305e+01 -1.049999999999999961e-01 -7.316485047340393066e-02 2.459999999999999964e-01 1.862577497959136963e-01
1.692630000000000000e+09 -6.489850230049341917e+01 2.097038456238806248e+01 -7.799999999999999989e-02 -4.507501423358917236e-02 3.059999999999999942e-01 1.838454157114028931e-01
1.692633601000000000e+09 -6.489719002973288298e+01 2.098757165484130383e+01 -1.360000000000000098e-01 -2.647424116730690002e-02 2.919999999999999818e-01 1.698426008224487305e-01
1.692637200000000000e+09 -6.489638515748083591e+01 2.100664610043168068e+01 -1.630000000000000060e-01 -5.180530250072479248e-03 2.710000000000000187e-01 1.815490722656250000e-01
1.692640799000000000e+09 -6.489409635309129953e+01 2.102563664317131042e+01 -1.270000000000000018e-01 -2.615042030811309814e-03 2.270000000000000073e-01 1.710801422595977783e-01
1.692644400000000000e+09 -6.488987346645444632e+01 2.104259675368666649e+01 -1.130000000000000032e-01 -2.126377075910568237e-03 1.539999999999999980e-01 1.668637394905090332e-01
1.692647999000000000e+09 -6.488787836395204067e+01 2.105724425520747900e+01 -1.160000000000000059e-01 -1.221310719847679138e-02 1.710000000000000131e-01 1.644320785999298096e-01
1.692651600000000000e+09 -6.488509364426136017e+01 2.107213877141475677e+01 -1.350000000000000089e-01 8.301958441734313965e-04 1.219999999999999973e-01 1.869650781154632568e-01
1.692655200000000000e+09 -6.488358301576226950e+01 2.108572382479906082e+01 -1.270000000000000018e-01 5.715142935514450073e-03 1.409999999999999865e-01 1.946627199649810791e-01
1.692658800000000000e+09 -6.488394926302134991e+01 2.107481284998357296e+01 -1.789999999999999925e-01 1.769288629293441772e-02 1.859999999999999987e-01 2.020393162965774536e-01
1.692662400000000000e+09 -6.488398740068078041e+01 2.106394189875572920e+01 -1.739999999999999880e-01 8.368786424398422241e-03 2.590000000000000080e-01 2.120321840047836304e-01
1.692666000000000000e+09 -6.488280865363776684e+01 2.105602925643324852e+01 -2.240000000000000047e-01 2.613422647118568420e-02 2.650000000000000133e-01 2.145868241786956787e-01
1.692669600000000000e+09 -6.488332740962505341e+01 2.106195731554180384e+01 -1.920000000000000040e-01 4.010647535324096680e-02 2.700000000000000178e-01 2.078704833984375000e-01
1.692673200000000000e+09 -6.488563532475382090e+01 2.108753771055489779e+01 -1.069999999999999979e-01 5.482378602027893066e-02 3.290000000000000147e-01 1.821308434009552002e-01
1.692676800000000000e+09 -6.488671491388231516e+01 2.111627862788736820e+01 -9.900000000000000466e-02 5.586877837777137756e-02 3.059999999999999942e-01 1.595571041107177734e-01
1.692680400000000000e+09 -6.488657753448933363e+01 2.114068886730819941e+01 -6.900000000000000577e-02 6.423954665660858154e-02 3.029999999999999916e-01 1.278608441352844238e-01
1.692684000000000000e+09 -6.488722227048128843e+01 2.116814513225108385e+01 -9.900000000000000466e-02 6.218170747160911560e-02 3.089999999999999969e-01 1.248337849974632263e-01
1.692687600000000000e+09 -6.488898464944213629e+01 2.119708344340324402e+01 -6.300000000000000044e-02 4.868357256054878235e-02 3.579999999999999849e-01 8.728890866041183472e-02
1.692691200000000000e+09 -6.489090724848210812e+01 2.122859952505677938e+01 -3.000000000000000062e-03 4.832115396857261658e-02 3.609999999999999876e-01 9.531024098396301270e-02
1.692694800000000000e+09 -6.489284128881990910e+01 2.126102919224649668e+01 8.799999999999999489e-02 3.246132284402847290e-02 3.519999999999999796e-01 8.119589090347290039e-02
1.692698400000000000e+09 -6.489494699053466320e+01 2.129495616070926189e+01 8.999999999999999667e-02 4.505533725023269653e-02 3.410000000000000253e-01 1.074872985482215881e-01
1.692702000000000000e+09 -6.489701459649950266e+01 2.132951353210955858e+01 1.239999999999999991e-01 3.720996901392936707e-02 3.380000000000000226e-01 1.027438268065452576e-01
1.692705600000000000e+09 -6.489936823491007090e+01 2.136701005976647139e+01 1.170000000000000068e-01 5.692224204540252686e-02 3.499999999999999778e-01 1.148141250014305115e-01
1.692709200000000000e+09 -6.490171810146421194e+01 2.140629956033080816e+01 1.670000000000000095e-01 5.196890234947204590e-02 3.629999999999999893e-01 1.131593808531761169e-01
1.692712800000000000e+09 -6.490409085061401129e+01 2.144398015458136797e+01 1.120000000000000023e-01 5.233100801706314087e-02 3.290000000000000147e-01 1.305477917194366455e-01
1.692716400000000000e+09 -6.490657801274210215e+01 2.148487089201807976e+01 1.059999999999999970e-01 3.799067437648773193e-02 3.029999999999999916e-01 1.382448971271514893e-01
1.692720000000000000e+09 -6.490893932059407234e+01 2.152299685869365931e+01 1.270000000000000018e-01 2.025499567389488220e-02 2.409999999999999920e-01 1.628955602645874023e-01
1.692723600000000000e+09 -6.491117091849446297e+01 2.155886930879205465e+01 1.079999999999999988e-01 1.791403442621231079e-02 2.530000000000000027e-01 1.723591387271881104e-01
1.692727200000000000e+09 -6.491322704125195742e+01 2.159186739474534988e+01 1.799999999999999933e-01 3.767386078834533691e-04 2.590000000000000080e-01 1.937208771705627441e-01
1.692730800000000000e+09 -6.491530986037105322e+01 2.162584871985018253e+01 1.749999999999999889e-01 1.006994396448135376e-03 2.849999999999999756e-01 2.126726210117340088e-01
1.692734400000000000e+09 -6.491733928676694632e+01 2.165883825626224279e+01 1.739999999999999880e-01 -4.903893917798995972e-03 2.909999999999999809e-01 2.345522493124008179e-01
1.692738000000000000e+09 -6.491933820303529501e+01 2.169117542915046215e+01 1.509999999999999953e-01 -3.366524726152420044e-02 2.489999999999999991e-01 2.302067577838897705e-01
1.692741600000000000e+09 -6.492129893973469734e+01 2.172280022408813238e+01 1.779999999999999916e-01 -3.149581700563430786e-02 2.200000000000000011e-01 1.650189310312271118e-01
1.692745200000000000e+09 -6.492327497340738773e+01 2.175455280113965273e+01 2.680000000000000160e-01 -7.955171912908554077e-02 2.409999999999999920e-01 1.580428034067153931e-01
1.692748800000000000e+09 -6.492513273842632771e+01 2.178501984570175409e+01 2.810000000000000275e-01 -7.229177653789520264e-02 1.610000000000000042e-01 1.719268858432769775e-01
1.692752400000000000e+09 -6.492696757894009352e+01 2.181467527057975531e+01 3.280000000000000138e-01 -1.197188422083854675e-01 1.370000000000000107e-01 1.820783317089080811e-01
1.692756000000000000e+09 -6.492081827949732542e+01 2.184126182924956083e+01 2.919999999999999818e-01 -1.027805507183074951e-01 1.489999999999999936e-01 1.918067634105682373e-01
1.692759600000000000e+09 -6.492214199155569077e+01 2.186706061474978924e+01 2.610000000000000098e-01 -7.846884429454803467e-02 2.330000000000000127e-01 2.051139473915100098e-01
1.692763200000000000e+09 -6.493090053554624319e+01 2.189277931116521358e+01 2.859999999999999765e-01 -9.688754379749298096e-02 2.670000000000000151e-01 2.154526114463806152e-01
1.692766800000000000e+09 -6.494019313249737024e+01 2.191214942838996649e+01 2.379999999999999893e-01 -6.405533850193023682e-02 1.809999999999999942e-01 1.996108591556549072e-01
1.692770400000000000e+09 -6.494931025430560112e+01 2.192841237410902977e+01 1.590000000000000024e-01 -3.531749546527862549e-02 1.499999999999999944e-01 1.829052269458770752e-01
1.692774000000000000e+09 -6.496197887230664492e+01 2.194627567660063505e+01 1.559999999999999998e-01 -2.612054347991943359e-03 6.800000000000000488e-02 1.466839611530303955e-01
1.692777600000000000e+09 -6.497316737193614244e+01 2.196213147137314081e+01 1.509999999999999953e-01 -3.562963753938674927e-02 8.100000000000000255e-02 1.200544834136962891e-01
1.692781200000000000e+09 -6.498363108839839697e+01 2.197658153716474771e+01 1.340000000000000080e-01 -2.866991236805915833e-02 1.600000000000000033e-02 8.366163074970245361e-02
1.692784800000000000e+09 -6.499171828385442495e+01 2.198763366322964430e+01 1.039999999999999952e-01 -2.740636654198169708e-02 -3.000000000000000062e-03 5.161004140973091125e-02
1.692788400000000000e+09 -6.499931714963167906e+01 2.199803153984248638e+01 1.290000000000000036e-01 -2.778314799070358276e-02 -3.799999999999999906e-02 2.524633519351482391e-02
1.692792000000000000e+09 -6.500715255271643400e+01 2.200813957024365664e+01 8.500000000000000611e-02 -2.274785935878753662e-02 -1.069999999999999979e-01 -5.054403841495513916e-02
1.692795600000000000e+09 -6.501421732362359762e+01 2.201822182629257441e+01 1.499999999999999944e-02 -2.965518087148666382e-02 -1.380000000000000115e-01 -7.205010950565338135e-02
1.692799200000000000e+09 -6.502041243016719818e+01 2.202620881609618664e+01 4.399999999999999745e-02 -4.096448794007301331e-02 -1.400000000000000133e-01 -9.551355242729187012e-02
1.692802800000000000e+09 -6.502622980624437332e+01 2.203411764465272427e+01 -1.600000000000000033e-02 -5.762382224202156067e-02 -1.519999999999999962e-01 -1.167329996824264526e-01
1.692806400000000000e+09 -6.503182217013090849e+01 2.204320995602756739e+01 -2.900000000000000147e-02 -9.019256383180618286e-02 -1.049999999999999961e-01 -1.087567657232284546e-01
1.692810000000000000e+09 -6.503816601354628801e+01 2.205414293333888054e+01 -2.400000000000000050e-02 -1.084554195404052734e-01 -9.900000000000000466e-02 -1.127990633249282837e-01
1.692813600000000000e+09 -6.504467389080673456e+01 2.206588832661509514e+01 -7.799999999999999989e-02 -1.324131935834884644e-01 -1.449999999999999900e-01 -1.114648282527923584e-01
1.692817200000000000e+09 -6.505149458069354296e+01 2.207925410941243172e+01 -1.310000000000000053e-01 -1.628908514976501465e-01 -1.479999999999999927e-01 -9.717141091823577881e-02
1.692820800000000000e+09 -6.505782698281109333e+01 2.209613128099590540e+01 -1.739999999999999880e-01 -1.815201938152313232e-01 -8.000000000000000167e-02 -7.776303589344024658e-02
1.692824400000000000e+09 -6.506244654301553965e+01 2.211112688295543194e+01 -1.739999999999999880e-01 -2.011789381504058838e-01 -1.000000000000000056e-01 -4.627628624439239502e-02
1.692828000000000000e+09 -6.506781766656786203e+01 2.212748806457966566e+01 -2.389999999999999902e-01 -2.067426145076751709e-01 -1.489999999999999936e-01 -1.423982530832290649e-02
1.692831600000000000e+09 -6.507257075048983097e+01 2.214194676373153925e+01 -1.700000000000000122e-01 -2.080051749944686890e-01 -1.559999999999999998e-01 2.225580625236034393e-02
1.692835200000000000e+09 -6.507724374532699585e+01 2.215662096161395311e+01 -1.849999999999999978e-01 -2.048833668231964111e-01 -2.030000000000000138e-01 5.686136335134506226e-02
1.692838800000000000e+09 -6.508208840154111385e+01 2.217097086366266012e+01 -1.570000000000000007e-01 -1.807633936405181885e-01 -1.489999999999999936e-01 5.323367565870285034e-02
1.692842400000000000e+09 -6.508361809886991978e+01 2.218341346364468336e+01 -1.459999999999999909e-01 -1.697651743888854980e-01 -1.300000000000000044e-01 7.400255650281906128e-02
1.692846000000000000e+09 -6.508330910000950098e+01 2.219589038752019405e+01 -1.350000000000000089e-01 -1.519798934459686279e-01 -9.500000000000000111e-02 1.251396089792251587e-01
1.692849600000000000e+09 -6.508270644117146730e+01 2.220736596733331680e+01 -1.229999999999999982e-01 -1.385609507560729980e-01 -6.500000000000000222e-02 1.353468298912048340e-01
1.692853200000000000e+09 -6.508152383845299482e+01 2.221833318471908569e+01 -8.899999999999999578e-02 -1.205584183335304260e-01 -1.200000000000000025e-02 1.478377282619476318e-01
1.692856800000000000e+09 -6.507967751473188400e+01 2.222903913818299770e+01 -3.099999999999999978e-02 -1.116383150219917297e-01 -4.700000000000000011e-02 1.657162308692932129e-01
1.692860400000000000e+09 -6.507499689236283302e+01 2.223955628927797079e+01 -5.000000000000000278e-02 -3.839809447526931763e-02 -7.900000000000000078e-02 1.321068406105041504e-01
1.692864000000000000e+09 -6.507034678012132645e+01 2.225158687680959702e+01 -5.399999999999999939e-02 -1.401808485388755798e-02 -6.700000000000000400e-02 1.142780333757400513e-01
1.692867600000000000e+09 -6.506868741475045681e+01 2.226504796184599400e+01 -9.199999999999999845e-02 1.171251386404037476e-02 -4.700000000000000011e-02 9.596531093120574951e-02
1.692871200000000000e+09 -6.506748959887772799e+01 2.227809234056621790e+01 -6.900000000000000577e-02 9.270636364817619324e-03 -2.699999999999999969e-02 6.453129649162292480e-02
1.692874800000000000e+09 -6.506612770725041628e+01 2.229089255444705486e+01 -3.899999999999999994e-02 1.535806711763143539e-02 -4.200000000000000261e-02 3.198684379458427429e-02
1.692878400000000000e+09 -6.506470865104347467e+01 2.230615042615681887e+01 -1.299999999999999940e-02 1.994580216705799103e-02 3.000000000000000062e-03 8.546387776732444763e-03
1.692882000000000000e+09 -6.506278605200350285e+01 2.232181067112833261e+01 -5.000000000000000104e-03 1.840247958898544312e-02 -2.000000000000000042e-03 -1.085145771503448486e-02
1.692885600000000000e+09 -6.506082531530410051e+01 2.233876415994018316e+01 -5.099999999999999672e-02 -1.194072049111127853e-02 2.500000000000000139e-02 -1.885932683944702148e-02
1.692889200000000000e+09 -6.505918116308748722e+01 2.235466668382287025e+01 4.000000000000000083e-03 -2.460287883877754211e-02 -4.200000000000000261e-02 -3.332399576902389526e-02
1.692892800000000000e+09 -6.505727381911128759e+01 2.237177653703838587e+01 -3.500000000000000333e-02 -3.561136499047279358e-02 -7.699999999999999900e-02 -4.257094860076904297e-02
1.692896400000000000e+09 -6.505530926864594221e+01 2.238871187902987003e+01 -1.000000000000000021e-02 -5.310036987066268921e-02 -1.100000000000000006e-01 -4.060344398021697998e-02
1.692900000000000000e+09 -6.505408852826803923e+01 2.240192695520818233e+01 -6.400000000000000133e-02 -8.556978404521942139e-02 -1.769999999999999907e-01 -3.338534012436866760e-02
1.692903600000000000e+09 -6.505315013229846954e+01 2.241304299328476191e+01 -5.500000000000000028e-02 -1.338497251272201538e-01 -1.439999999999999891e-01 1.056555472314357758e-02
1.692907200000000000e+09 -6.505146021489053965e+01 2.243232342414557934e+01 -1.010000000000000064e-01 -1.536055803298950195e-01 -9.800000000000000377e-02 1.768318936228752136e-02
1.692910800000000000e+09 -6.505035392940044403e+01 2.244719597976654768e+01 -1.360000000000000098e-01 -1.699953228235244751e-01 -1.120000000000000023e-01 4.291299730539321899e-02
1.692914400000000000e+09 -6.504934307187795639e+01 2.246258540544658899e+01 -1.529999999999999971e-01 -1.753717213869094849e-01 -1.229999999999999982e-01 7.251526415348052979e-02
1.692918000000000000e+09 -6.504768747836351395e+01 2.248197266366332769e+01 -8.400000000000000522e-02 -1.585323512554168701e-01 -1.189999999999999947e-01 7.559696584939956665e-02
1.692921600000000000e+09 -6.504643245600163937e+01 2.250101752113550901e+01 -4.100000000000000172e-02 -1.323892623186111450e-01 -7.699999999999999900e-02 7.961067557334899902e-02
1.692925200000000000e+09 -6.504529570229351521e+01 2.251740451902151108e+01 -1.799999999999999864e-02 -1.046555638313293457e-01 -1.229999999999999982e-01 6.205802410840988159e-02
1.692928800000000000e+09 -6.504067605827003717e+01 2.253266234882175922e+01 4.599999999999999922e-02 -9.309880435466766357e-02 -1.409999999999999865e-01 1.988337002694606781e-02
1.692932400000000000e+09 -6.503473274409770966e+01 2.254705235827714205e+01 4.000000000000000083e-02 -1.025830730795860291e-01 -1.260000000000000009e-01 -2.641858533024787903e-03
1.692936000000000000e+09 -6.503089140169322491e+01 2.256058686878532171e+01 6.099999999999999867e-02 -1.336443573236465454e-01 -1.549999999999999989e-01 -1.210221648216247559e-02
1.692939600000000000e+09 -6.502852246630936861e+01 2.257085889112204313e+01 8.000000000000000167e-03 -1.453973501920700073e-01 -1.940000000000000058e-01 1.326311938464641571e-02
1.692943200000000000e+09 -6.503524772822856903e+01 2.258092304226011038e+01 -4.800000000000000100e-02 -1.497803330421447754e-01 -1.930000000000000049e-01 3.994699940085411072e-02
1.692946800000000000e+09 -6.504878990817815065e+01 2.259117218200117350e+01 -8.300000000000000433e-02 -1.484273523092269897e-01 -1.789999999999999925e-01 9.406054019927978516e-02
1.692950400000000000e+09 -6.506434244569391012e+01 2.260423655156046152e+01 -7.399999999999999634e-02 -1.581453531980514526e-01 -1.600000000000000033e-01 9.779293835163116455e-02
1.692954000000000000e+09 -6.508152769412845373e+01 2.261933705303817987e+01 -7.699999999999999900e-02 -1.620817184448242188e-01 -1.539999999999999980e-01 8.885996043682098389e-02
1.692957600000000000e+09 -6.510518641211092472e+01 2.264039226807653904e+01 -1.199999999999999956e-01 -1.709628999233245850e-01 -1.670000000000000095e-01 8.853219449520111084e-02
1.692961200000000000e+09 -6.512919235043227673e+01 2.265591710340231657e+01 -9.400000000000000022e-02 -1.753240525722503662e-01 -1.590000000000000024e-01 9.767125546932220459e-02
1.692964800000000000e+09 -6.515159985981881618e+01 2.267349051777273417e+01 -1.010000000000000064e-01 -1.742931008338928223e-01 -1.370000000000000107e-01 1.131193339824676514e-01
1.692968400000000000e+09 -6.517948909197002649e+01 2.269536682404577732e+01 -7.199999999999999456e-02 -1.740650385618209839e-01 -8.899999999999999578e-02 1.383074074983596802e-01
1.692972000000000000e+09 -6.520530698820948601e+01 2.271572013851255178e+01 -4.000000000000000083e-02 -1.883160322904586792e-01 -1.079999999999999988e-01 1.581280231475830078e-01
1.692975600000000000e+09 -6.523029704578220844e+01 2.273473259992897511e+01 -6.900000000000000577e-02 -1.724342852830886841e-01 -5.700000000000000205e-02 1.847813129425048828e-01
1.692979200000000000e+09 -6.525505446363240480e+01 2.275743096135556698e+01 -1.200000000000000025e-02 -1.553437709808349609e-01 -1.000000000000000021e-03 1.743569374084472656e-01
1.692982800000000000e+09 -6.528184885159134865e+01 2.277583305258303881e+01 -3.799999999999999906e-02 -1.501481235027313232e-01 -4.000000000000000083e-03 1.970194876194000244e-01
1.692986400000000000e+09 -6.531481169164180756e+01 2.279053968843072653e+01 1.099999999999999936e-02 -1.444540619850158691e-01 -1.200000000000000025e-02 2.128311246633529663e-01
1.692990000000000000e+09 -6.534675596281886101e+01 2.279971498064696789e+01 5.899999999999999689e-02 -1.531193852424621582e-01 -5.199999999999999761e-02 1.925270259380340576e-01
1.692993600000000000e+09 -6.537695306818932295e+01 2.281019969377666712e+01 1.400000000000000029e-02 -1.390750110149383545e-01 -5.800000000000000294e-02 1.754570305347442627e-01
1.692997200000000000e+09 -6.541240688413381577e+01 2.281837364193052053e+01 -8.999999999999999667e-02 -1.302867382764816284e-01 -1.150000000000000050e-01 1.422851383686065674e-01
1.693000800000000000e+09 -6.545494076795876026e+01 2.281976981554180384e+01 -1.710000000000000131e-01 -1.286197900772094727e-01 -8.200000000000000344e-02 1.204993426799774170e-01
1.693004400000000000e+09 -6.550323863513767719e+01 2.281993959099054337e+01 -1.539999999999999980e-01 -1.365657150745391846e-01 1.700000000000000122e-02 7.557433098554611206e-02
1.693008000000000000e+09 -6.554777143523097038e+01 2.282197660300880671e+01 -1.239999999999999991e-01 -1.673115044832229614e-01 6.300000000000000044e-02 5.360177904367446899e-02
1.693011600000000000e+09 -6.559334560297429562e+01 2.282888500951230526e+01 -7.900000000000000078e-02 -1.817106008529663086e-01 1.340000000000000080e-01 4.091329127550125122e-02
1.693015200000000000e+09 -6.563434978947043419e+01 2.283438584301620722e+01 -5.700000000000000205e-02 -2.123416215181350708e-01 1.580000000000000016e-01 4.797588288784027100e-02
1.693018800000000000e+09 -6.567851252853870392e+01 2.284544463269412518e+01 1.000000000000000021e-03 -2.143471837043762207e-01 1.839999999999999969e-01 5.329663306474685669e-02
1.693022400000000000e+09 -6.572630689479410648e+01 2.284658524207770824e+01 -3.300000000000000155e-02 -2.325810641050338745e-01 6.199999999999999956e-02 5.824616551399230957e-02
1.693026000000000000e+09 -6.578217693138867617e+01 2.284187980927526951e+01 -9.500000000000000111e-02 -2.572568058967590332e-01 -5.000000000000000278e-02 4.260274395346641541e-02
1.693029600000000000e+09 -6.582322688307613134e+01 2.288127705920487642e+01 -1.640000000000000069e-01 -2.723997235298156738e-01 -9.500000000000000111e-02 -2.416733466088771820e-02
1.693033200000000000e+09 -6.582698436453938484e+01 2.288937758188694715e+01 -1.900000000000000022e-01 -3.270445764064788818e-01 -2.500000000000000139e-02 5.012078210711479187e-02
1.693036800000000000e+09 -6.581665412988513708e+01 2.290617747232317924e+01 -1.600000000000000033e-01 -3.964933454990386963e-01 2.699999999999999969e-02 5.098521709442138672e-02
1.693040400000000000e+09 -6.581457131076604128e+01 2.292343614622950554e+01 -3.130000000000000004e-01 -5.128775835037231445e-01 1.160000000000000059e-01 5.964665859937667847e-02
1.693044000000000000e+09 -6.582180397119373083e+01 2.294322678353637457e+01 -4.249999999999999889e-01 -6.167504787445068359e-01 5.399999999999999939e-02 9.197086095809936523e-02
1.693047600000000000e+09 -6.583245845977216959e+01 2.296851247083395720e+01 -4.809999999999999831e-01 -6.932073831558227539e-01 1.700000000000000122e-01 1.628543436527252197e-01
1.693051200000000000e+09 -6.583633039612323046e+01 2.299517626874148846e+01 -5.909999999999999698e-01 -7.234512567520141602e-01 3.380000000000000226e-01 3.250675201416015625e-01
1.693054800000000000e+09 -6.584931941237300634e+01 2.302230069413781166e+01 -7.930000000000000382e-01 -7.003406882286071777e-01 3.870000000000000107e-01 4.601791203022003174e-01
1.693058400000000000e+09 -6.584966273512691259e+01 2.304994580335915089e+01 -5.909999999999999698e-01 -6.426451206207275391e-01 6.650000000000000355e-01 5.939308404922485352e-01
1.693062000000000000e+09 -6.587629694491624832e+01 2.308365723118185997e+01 -4.949999999999999956e-01 -6.155616044998168945e-01 7.019999999999999574e-01 6.236131191253662109e-01
1.693065600000000000e+09 -6.590199657250195742e+01 2.311855981126427650e+01 -3.599999999999999867e-01 -5.852133035659790039e-01 9.000000000000000222e-01 6.448575854301452637e-01
1.693069200000000000e+09 -6.591212840750813484e+01 2.315665811765938997e+01 -3.029999999999999916e-01 -5.239999294281005859e-01 9.459999999999999520e-01 7.261425256729125977e-01
1.693072800000000000e+09 -6.591592784039676189e+01 2.319494434632360935e+01 -5.999999999999999778e-02 -3.483808040618896484e-01 9.260000000000000453e-01 8.501168489456176758e-01
1.693076400000000000e+09 -6.591476053465157747e+01 2.323282430414110422e+01 4.200000000000000261e-02 -3.176626563072204590e-01 9.120000000000000329e-01 9.147768616676330566e-01
1.693080000000000000e+09 -6.591071697883307934e+01 2.326979537028819323e+01 7.199999999999999456e-02 -1.675584614276885986e-01 8.010000000000000453e-01 9.232981801033020020e-01
1.693083600000000000e+09 -6.590164939407259226e+01 2.330422110389918089e+01 2.270000000000000073e-01 -8.975822478532791138e-02 7.600000000000000089e-01 9.151543378829956055e-01
1.693087200000000000e+09 -6.588916773442178965e+01 2.333565801847726107e+01 2.710000000000000187e-01 6.158535927534103394e-02 6.530000000000000249e-01 8.668887615203857422e-01
1.693090800000000000e+09 -6.587594980839639902e+01 2.336601157207041979e+01 2.919999999999999818e-01 1.463777124881744385e-01 6.119999999999999885e-01 7.617871761322021484e-01
1.693094400000000000e+09 -6.586224740836769342e+01 2.339120572898536921e+01 3.569999999999999840e-01 1.927031874656677246e-01 5.180000000000000160e-01 7.345493435859680176e-01
1.693098000000000000e+09 -6.584677881561219692e+01 2.341253561899065971e+01 4.219999999999999862e-01 2.274073511362075806e-01 3.509999999999999787e-01 6.830416917800903320e-01
1.693101600000000000e+09 -6.582977293990552425e+01 2.342891687527298927e+01 4.410000000000000031e-01 2.618196606636047363e-01 2.119999999999999940e-01 6.097141504287719727e-01
1.693105200000000000e+09 -6.580273053143173456e+01 2.343633364420384169e+01 4.739999999999999769e-01 2.977270185947418213e-01 7.000000000000000666e-02 5.259642601013183594e-01
1.693108800000000000e+09 -6.577141947112977505e+01 2.343562503810971975e+01 4.369999999999999996e-01 2.805665135383605957e-01 -2.500000000000000139e-02 3.824290633201599121e-01
1.693112400000000000e+09 -6.573809046763926744e+01 2.342627804260700941e+01 3.300000000000000155e-01 3.032193183898925781e-01 -9.099999999999999756e-02 2.836810350418090820e-01
1.693116000000000000e+09 -6.570636743679642677e+01 2.341483687050640583e+01 3.140000000000000013e-01 2.638351321220397949e-01 -2.069999999999999896e-01 1.269430816173553467e-01
1.693119600000000000e+09 -6.567909620236605406e+01 2.340394299477338791e+01 2.330000000000000127e-01 2.903449535369873047e-01 -2.600000000000000089e-01 8.968143165111541748e-02
1.693123200000000000e+09 -6.571791451424360275e+01 2.341463847085833549e+01 1.100000000000000006e-01 2.757655978202819824e-01 -2.600000000000000089e-01 3.917045146226882935e-02
1.693126800000000000e+09 -6.575818629004061222e+01 2.342627330683171749e+01 1.069999999999999979e-01 2.518557906150817871e-01 -2.179999999999999993e-01 1.783269084990024567e-02
1.693130400000000000e+09 -6.579413220752030611e+01 2.344024271238595247e+01 1.160000000000000059e-01 2.311307042837142944e-01 -2.439999999999999947e-01 1.839245483279228210e-02
1.693134000000000000e+09 -6.582519906107336283e+01 2.345327087212353945e+01 -1.299999999999999940e-02 2.023181617259979248e-01 -3.079999999999999960e-01 -1.777247898280620575e-02
1.693137600000000000e+09 -6.585559079423546791e+01 2.346599954646080732e+01 -1.000000000000000021e-03 1.508642137050628662e-01 -3.559999999999999831e-01 -3.472337126731872559e-02
1.693141200000000000e+09 -6.588351057842373848e+01 2.347770969383418560e+01 -8.300000000000000433e-02 1.250116527080535889e-01 -2.919999999999999818e-01 -6.914354860782623291e-02
1.693144800000000000e+09 -6.588682172354310751e+01 2.347898286301642656e+01 -1.900000000000000022e-01 5.727817118167877197e-02 -2.720000000000000195e-01 -5.758564919233322144e-02
1.693148400000000000e+09 -6.587412636727094650e+01 2.347089193761348724e+01 -2.610000000000000098e-01 -1.594400033354759216e-02 -3.019999999999999907e-01 -8.405886590480804443e-03
1.693152000000000000e+09 -6.586526485159993172e+01 2.346323104575276375e+01 -3.069999999999999951e-01 -6.064189970493316650e-02 -2.119999999999999940e-01 1.410041376948356628e-02
1.693155600000000000e+09 -6.584508894011378288e+01 2.345540327019989491e+01 -2.909999999999999809e-01 -9.501776844263076782e-02 -1.509999999999999953e-01 3.359929099678993225e-02
1.693159200000000000e+09 -6.583861538674682379e+01 2.345158476848155260e+01 -2.849999999999999756e-01 -1.285753548145294189e-01 -5.000000000000000278e-02 5.582804977893829346e-02
1.693162800000000000e+09 -6.583323282189667225e+01 2.345087524037808180e+01 -2.879999999999999782e-01 -1.544745862483978271e-01 4.900000000000000189e-02 8.525568246841430664e-02
1.693166400000000000e+09 -6.583186715841293335e+01 2.345963567029684782e+01 -3.210000000000000075e-01 -1.631786823272705078e-01 2.030000000000000138e-01 1.242677420377731323e-01
1.693170000000000000e+09 -6.582466882187873125e+01 2.346452135592699051e+01 -2.929999999999999827e-01 -1.565945744514465332e-01 2.169999999999999984e-01 1.786539554595947266e-01
1.693173600000000000e+09 -6.581393809989094734e+01 2.347139355260878801e+01 -1.980000000000000093e-01 -1.459715664386749268e-01 3.519999999999999796e-01 2.420634478330612183e-01
1.693177200000000000e+09 -6.579433437902480364e+01 2.347804924473166466e+01 -1.270000000000000018e-01 -9.687941521406173706e-02 5.020000000000000018e-01 2.831597924232482910e-01
1.693180800000000000e+09 -6.576990888454020023e+01 2.348591134417802095e+01 1.099999999999999936e-02 -6.719122827053070068e-02 5.140000000000000124e-01 3.248401284217834473e-01
1.693184400000000000e+09 -6.574411005713045597e+01 2.349467655178159475e+01 9.299999999999999933e-02 -2.881479077041149139e-02 4.500000000000000111e-01 3.584949076175689697e-01
1.693188000000000000e+09 -6.571912381332367659e+01 2.350248425267636776e+01 1.620000000000000051e-01 4.503505304455757141e-02 4.179999999999999827e-01 3.271063864231109619e-01
1.693191600000000000e+09 -6.569253536872565746e+01 2.350646775215864182e+01 1.509999999999999953e-01 7.802342623472213745e-02 3.390000000000000235e-01 3.308960497379302979e-01
1.693195200000000000e+09 -6.566723249852657318e+01 2.350798885803669691e+01 1.499999999999999944e-01 1.109850257635116577e-01 3.190000000000000058e-01 3.284173607826232910e-01
1.693198800000000000e+09 -6.565185543615370989e+01 2.351274772547185421e+01 1.710000000000000131e-01 1.059489324688911438e-01 3.400000000000000244e-01 3.110368251800537109e-01
1.693202400000000000e+09 -6.565850446466356516e+01 2.351794718764722347e+01 1.759999999999999898e-01 1.110607981681823730e-01 2.610000000000000098e-01 2.722373604774475098e-01
1.693206000000000000e+09 -6.566538617480546236e+01 2.351844687480479479e+01 2.330000000000000127e-01 1.363106071949005127e-01 1.479999999999999927e-01 2.414775937795639038e-01
1.693209600000000000e+09 -6.568000023253262043e+01 2.351559350732713938e+01 6.800000000000000488e-02 1.511689126491546631e-01 3.699999999999999817e-02 2.097363919019699097e-01
1.693213200000000000e+09 -6.569692991673946381e+01 2.351138968952000141e+01 1.120000000000000023e-01 1.610749214887619019e-01 -1.000000000000000021e-02 1.799952536821365356e-01
1.693216800000000000e+09 -6.572100064717233181e+01 2.350460428744554520e+01 2.449999999999999956e-01 1.845195293426513672e-01 3.599999999999999728e-02 1.744646131992340088e-01
1.693220400000000000e+09 -6.574544139672070742e+01 2.349746319931000471e+01 2.349999999999999867e-01 1.777546703815460205e-01 2.400000000000000050e-02 1.311974078416824341e-01
1.693224000000000000e+09 -6.572743602097034454e+01 2.349495407659560442e+01 2.280000000000000082e-01 1.658908426761627197e-01 -4.399999999999999745e-02 9.151093661785125732e-02
1.693227600000000000e+09 -6.569388573523610830e+01 2.349553867243230343e+01 2.139999999999999958e-01 1.106155589222908020e-01 -1.290000000000000036e-01 2.544649131596088409e-02
1.693231200000000000e+09 -6.565910716541111469e+01 2.349987693596631289e+01 1.499999999999999944e-01 9.345306456089019775e-02 -1.429999999999999882e-01 7.914281450212001801e-04
1.693234800000000000e+09 -6.564840313978493214e+01 2.350127595942467451e+01 1.069999999999999979e-01 7.731495052576065063e-02 -2.010000000000000120e-01 -1.551903691142797470e-02
1.693238400000000000e+09 -6.567886347882449627e+01 2.349744031671434641e+01 2.000000000000000042e-03 6.104450300335884094e-02 -2.109999999999999931e-01 -2.312511205673217773e-02
1.693242000000000000e+09 -6.570888133719563484e+01 2.349373530596494675e+01 -1.340000000000000080e-01 4.357659816741943359e-02 -2.379999999999999893e-01 -2.486599236726760864e-02
1.693245600000000000e+09 -6.574625012464821339e+01 2.348909567110240459e+01 -8.200000000000000344e-02 3.703747689723968506e-02 -1.580000000000000016e-01 8.503032848238945007e-03
1.693249200000000000e+09 -6.573094171006232500e+01 2.348382085561752319e+01 -1.239999999999999991e-01 4.266114905476570129e-03 -8.899999999999999578e-02 1.198850758373737335e-02
1.693252800000000000e+09 -6.569982523564249277e+01 2.348484038840979338e+01 -1.209999999999999964e-01 -4.043578356504440308e-02 -5.800000000000000294e-02 1.467119436711072922e-02
1.693256400000000000e+09 -6.568270109128206968e+01 2.348864267114549875e+01 -1.559999999999999998e-01 -6.057237833738327026e-02 -6.099999999999999867e-02 4.262701049447059631e-02
1.693260000000000000e+09 -6.567399208433926105e+01 2.349076744168996811e+01 -1.819999999999999951e-01 -7.361550629138946533e-02 -7.699999999999999900e-02 6.972919404506683350e-02
1.693263600000000000e+09 -6.566990276332944632e+01 2.349169251043349504e+01 -1.890000000000000013e-01 -8.049190044403076172e-02 -5.099999999999999672e-02 9.738595783710479736e-02
1.693267200000000000e+09 -6.566835399717092514e+01 2.349222752731293440e+01 -2.109999999999999931e-01 -8.466645330190658569e-02 1.099999999999999936e-02 1.258366703987121582e-01
1.693270800000000000e+09 -6.565763471648097038e+01 2.349794478155672550e+01 -2.959999999999999853e-01 -8.836144953966140747e-02 2.640000000000000124e-01 1.507734209299087524e-01
1.693274400000000000e+09 -6.564800256863236427e+01 2.350374409463256598e+01 -2.849999999999999756e-01 -9.098494797945022583e-02 2.640000000000000124e-01 1.750086247920989990e-01
1.693278000000000000e+09 -6.564081571530550718e+01 2.351027485448867083e+01 -2.469999999999999973e-01 -9.110254049301147461e-02 2.939999999999999836e-01 1.973604261875152588e-01
1.693281600000000000e+09 -6.565412135794758797e+01 2.351464362815022469e+01 -2.030000000000000138e-01 -8.459179103374481201e-02 3.290000000000000147e-01 1.925547122955322266e-01
1.693285200000000000e+09 -6.567499154247343540e+01 2.351468943525105715e+01 -1.610000000000000042e-01 -7.195668667554855347e-02 3.499999999999999778e-01 1.973340958356857300e-01
1.693288800000000000e+09 -6.569284436758607626e+01 2.351654527243226767e+01 -1.670000000000000095e-01 -5.897498130798339844e-02 3.109999999999999987e-01 1.860843598842620850e-01
1.693292400000000000e+09 -6.570807260926812887e+01 2.351971719413995743e+01 -8.899999999999999578e-02 -7.134392857551574707e-02 4.259999999999999898e-01 1.275395452976226807e-01
1.693296000000000000e+09 -6.572111506015062332e+01 2.352531048003584146e+01 8.000000000000000167e-03 -7.790698111057281494e-02 4.490000000000000102e-01 1.770075857639312744e-01
1.693299600000000000e+09 -6.573008721694350243e+01 2.352719686925411224e+01 8.699999999999999400e-02 -7.000054419040679932e-02 4.050000000000000266e-01 2.013127207756042480e-01
1.693303200000000000e+09 -6.573712533339858055e+01 2.352736182510852814e+01 7.599999999999999811e-02 -5.176485702395439148e-02 3.380000000000000226e-01 2.239277660846710205e-01
1.693306800000000000e+09 -6.574407191947102547e+01 2.352760498411953449e+01 1.320000000000000062e-01 -2.825250849127769470e-02 2.710000000000000187e-01 2.408064007759094238e-01
1.693310400000000000e+09 -6.574890894815325737e+01 2.352830784860998392e+01 1.650000000000000078e-01 -1.689717173576354980e-03 2.389999999999999902e-01 2.478253394365310669e-01
1.693314000000000000e+09 -6.575149912387132645e+01 2.352783196605741978e+01 1.650000000000000078e-01 2.667576074600219727e-02 2.099999999999999922e-01 2.487423866987228394e-01
1.693317600000000000e+09 -6.575474162120372057e+01 2.352480312343686819e+01 2.419999999999999929e-01 5.790551379323005676e-02 1.459999999999999909e-01 2.397037148475646973e-01
1.693321200000000000e+09 -6.573917005676776171e+01 2.352475258056074381e+01 2.610000000000000098e-01 8.773293346166610718e-02 7.499999999999999722e-02 2.166232466697692871e-01
1.693324800000000000e+09 -6.571938700508326292e+01 2.352150723338127136e+01 2.049999999999999878e-01 9.695559740066528320e-02 1.600000000000000033e-02 1.267635524272918701e-01
1.693328400000000000e+09 -6.569767758250236511e+01 2.351732248440384865e+01 2.099999999999999922e-01 1.090994328260421753e-01 -8.799999999999999489e-02 8.842647075653076172e-02
1.693331999000000000e+09 -6.567168425302952528e+01 2.351197235751897097e+01 7.199999999999999456e-02 1.126766502857208252e-01 -1.479999999999999927e-01 4.792291671037673950e-02
1.693335600000000000e+09 -6.564942929428070784e+01 2.350739759858697653e+01 1.899999999999999953e-02 9.481506049633026123e-02 -1.419999999999999873e-01 -7.547059096395969391e-03
1.693339200000000000e+09 -6.564778518397361040e+01 2.350413125474005938e+01 -3.099999999999999978e-02 7.930511981248855591e-02 -1.150000000000000050e-01 -3.140654414892196655e-02
1.693342800000000000e+09 -6.567097468301653862e+01 2.349999038502573967e+01 -5.899999999999999689e-02 6.784871965646743774e-02 -1.089999999999999997e-01 -4.138342291116714478e-02
1.693346400000000000e+09 -6.569448466412723064e+01 2.349556444678455591e+01 -2.199999999999999872e-02 5.659025162458419800e-02 -1.799999999999999933e-01 -3.933539986610412598e-02
1.693350000000000000e+09 -6.572116845287382603e+01 2.349216835107654333e+01 -3.699999999999999817e-02 5.912141501903533936e-02 -1.849999999999999978e-01 -1.873346045613288879e-02
1.693353600000000000e+09 -6.574469368904829025e+01 2.348926444072276354e+01 -1.079999999999999988e-01 2.951594442129135132e-02 -1.680000000000000104e-01 -4.551602993160486221e-03
1.693357200000000000e+09 -6.573498530779033899e+01 2.349029252305626869e+01 -8.899999999999999578e-02 1.865556463599205017e-03 -1.140000000000000041e-01 1.114531233906745911e-02
1.693360800000000000e+09 -6.571481702383607626e+01 2.349283500574529171e+01 -1.409999999999999865e-01 -2.504806593060493469e-02 -7.199999999999999456e-02 5.353074055165052414e-03
1.693364400000000000e+09 -6.569778436794877052e+01 2.349497884511947632e+01 -2.459999999999999964e-01 -4.252160713076591492e-02 8.999999999999999667e-02 1.705819927155971527e-02
1.693368000000000000e+09 -6.568432613275945187e+01 2.349651520606130362e+01 -2.879999999999999782e-01 -6.203763186931610107e-02 9.700000000000000289e-02 1.921814307570457458e-02
1.693371600000000000e+09 -6.567155835684388876e+01 2.349812407046556473e+01 -2.290000000000000091e-01 -7.501229643821716309e-02 7.099999999999999367e-02 2.399372681975364685e-02
1.693375200000000000e+09 -6.566409301478415728e+01 2.350009247660636902e+01 -1.549999999999999989e-01 -8.022002875804901123e-02 1.799999999999999933e-01 3.065535612404346466e-02
1.693378800000000000e+09 -6.565911479294300079e+01 2.350448794662952423e+01 -9.600000000000000200e-02 -9.529348462820053101e-02 2.079999999999999905e-01 2.605200931429862976e-02
1.693382400000000000e+09 -6.565307613462209702e+01 2.351047514006495476e+01 -6.700000000000000400e-02 -1.051084697246551514e-01 2.419999999999999929e-01 3.296273574233055115e-02
1.693386000000000000e+09 -6.564705273136496544e+01 2.351672644726932049e+01 -5.299999999999999850e-02 -1.274039000272750854e-01 2.500000000000000000e-01 4.207108169794082642e-02
1.693389600000000000e+09 -6.564077372197061777e+01 2.352150245569646358e+01 -6.700000000000000400e-02 -1.410291343927383423e-01 1.890000000000000013e-01 6.957946717739105225e-02
1.693393200000000000e+09 -6.564925759099423885e+01 2.352562995627522469e+01 -6.500000000000000222e-02 -1.427060365676879883e-01 1.610000000000000042e-01 9.699052572250366211e-02
1.693396800000000000e+09 -6.566191480960696936e+01 2.352380270138382912e+01 -5.199999999999999761e-02 -1.346679329872131348e-01 2.030000000000000138e-01 1.200236231088638306e-01
1.693400400000000000e+09 -6.567338561173528433e+01 2.352463334798812866e+01 -8.000000000000000167e-02 -1.228590756654739380e-01 1.779999999999999916e-01 1.454053819179534912e-01
1.693404000000000000e+09 -6.568456644192337990e+01 2.352734564803540707e+01 -2.199999999999999872e-02 -1.029879897832870483e-01 2.000000000000000111e-01 1.595053076744079590e-01
1.693407600000000000e+09 -6.569091414101421833e+01 2.353424638509750366e+01 5.399999999999999939e-02 -7.638210058212280273e-02 2.330000000000000127e-01 1.658092588186264038e-01
1.693411200000000000e+09 -6.568618389777839184e+01 2.353620334994047880e+01 4.200000000000000261e-02 -5.265707522630691528e-02 1.630000000000000060e-01 1.713796854019165039e-01
1.693414800000000000e+09 -6.568262477405369282e+01 2.353613847400993109e+01 -3.000000000000000062e-03 -3.427708894014358521e-02 1.160000000000000059e-01 1.772013157606124878e-01
1.693418400000000000e+09 -6.567950050346553326e+01 2.353358077816665173e+01 3.799999999999999906e-02 -1.921013370156288147e-02 5.000000000000000278e-02 1.808874011039733887e-01
1.693422000000000000e+09 -6.567584226373583078e+01 2.352996536996215582e+01 2.299999999999999961e-02 2.976784482598304749e-03 1.099999999999999936e-02 1.834824979305267334e-01
1.693425600000000000e+09 -6.567269896622747183e+01 2.352652547881007195e+01 6.700000000000000400e-02 2.217625081539154053e-02 4.000000000000000083e-03 1.773707270622253418e-01
1.693429200000000000e+09 -6.566744225565344095e+01 2.352361486293375492e+01 4.200000000000000261e-02 4.984491318464279175e-02 -2.500000000000000139e-02 1.802343726158142090e-01
1.693432800000000000e+09 -6.566077034454792738e+01 2.352026553824543953e+01 7.599999999999999811e-02 7.553469389677047729e-02 -4.499999999999999833e-02 1.791968345642089844e-01
1.693436400000000000e+09 -6.564846416004002094e+01 2.351597207598388195e+01 4.700000000000000011e-02 9.313060343265533447e-02 -9.099999999999999756e-02 1.635565161705017090e-01
1.693440000000000000e+09 -6.563615411985665560e+01 2.351131245028227568e+01 2.500000000000000139e-02 8.845058083534240723e-02 -7.699999999999999900e-02 1.216113865375518799e-01
1.693443600000000000e+09 -6.562668604776263237e+01 2.350748154334723949e+01 -7.699999999999999900e-02 7.739909738302230835e-02 -7.699999999999999900e-02 6.775914877653121948e-02
1.693447200000000000e+09 -6.563063811510801315e+01 2.350545211695134640e+01 -1.140000000000000041e-01 8.313465863466262817e-02 -7.799999999999999989e-02 4.194693639874458313e-02
1.693450800000000000e+09 -6.564751809462904930e+01 2.350858300924301147e+01 -1.479999999999999927e-01 1.104828789830207825e-01 -9.900000000000000466e-02 9.743542410433292389e-03
1.693454400000000000e+09 -6.566584009677171707e+01 2.351119514554738998e+01 -2.089999999999999913e-01 1.247315034270286560e-01 -5.299999999999999850e-02 -3.139146417379379272e-02
1.693458000000000000e+09 -6.568291851785033941e+01 2.351362128742039204e+01 -2.359999999999999876e-01 9.861801564693450928e-02 -6.800000000000000488e-02 -5.976776778697967529e-02
1.693461600000000000e+09 -6.570179364178329706e+01 2.351604457944631577e+01 -2.210000000000000020e-01 5.636896938085556030e-02 -4.100000000000000172e-02 -8.823862671852111816e-02
1.693810800000000000e+09 -6.575112533289939165e+01 2.340859407093375921e+01 -7.399999999999999634e-02 -5.223192274570465088e-03 1.600000000000000033e-02 1.685428917407989502e-01
1.693814400000000000e+09 -6.575839613098651171e+01 2.341923900414258242e+01 -1.209999999999999964e-01 9.361590258777141571e-03 7.000000000000000666e-02 1.777314692735671997e-01
1.693818000000000000e+09 -6.576553340535610914e+01 2.342909427825361490e+01 -8.100000000000000255e-02 2.736592479050159454e-02 8.999999999999999320e-03 1.828519701957702637e-01
1.693821600000000000e+09 -6.577289958950132132e+01 2.343806073535233736e+01 -7.900000000000000078e-02 5.787825956940650940e-02 -1.200000000000000025e-02 1.474917232990264893e-01
1.693825200000000000e+09 -6.577947992831468582e+01 2.344598955474793911e+01 -9.500000000000000111e-02 6.846489757299423218e-02 -1.299999999999999940e-02 1.453713476657867432e-01
1.693828800000000000e+09 -6.578648753464221954e+01 2.345119375269860029e+01 -1.250000000000000000e-01 8.141019940376281738e-02 -1.299999999999999940e-02 1.412504911422729492e-01
1.693832400000000000e+09 -6.579386897385120392e+01 2.345718953758478165e+01 -1.700000000000000122e-01 9.377062320709228516e-02 -1.200000000000000025e-02 1.372774988412857056e-01
1.693836000000000000e+09 -6.580080026295036077e+01 2.346336456947028637e+01 -1.290000000000000036e-01 9.174834191799163818e-02 3.599999999999999728e-02 9.894172847270965576e-02
1.693839600000000000e+09 -6.580694574862718582e+01 2.346967597492039204e+01 -8.500000000000000611e-02 9.609001874923706055e-02 4.000000000000000083e-03 9.586151689291000366e-02
1.693843200000000000e+09 -6.581182095687836409e+01 2.347437570802867413e+01 -4.200000000000000261e-02 9.784641861915588379e-02 -7.000000000000000146e-03 8.311420679092407227e-02
1.693846800000000000e+09 -6.581275553908199072e+01 2.347762482706457376e+01 -5.199999999999999761e-02 9.303028881549835205e-02 1.600000000000000033e-02 6.212458387017250061e-02
1.693850400000000000e+09 -6.580673594959080219e+01 2.347639268729835749e+01 -2.999999999999999889e-02 7.953397929668426514e-02 3.699999999999999817e-02 4.372956603765487671e-02
1.693854000000000000e+09 -6.580055614002048969e+01 2.347460646182298660e+01 -1.099999999999999936e-02 6.696038693189620972e-02 -2.400000000000000050e-02 3.390545770525932312e-02
1.693857600000000000e+09 -6.579718774650245905e+01 2.346977710258215666e+01 -8.699999999999999400e-02 7.370036840438842773e-02 -4.700000000000000011e-02 1.795007847249507904e-02
1.693861200000000000e+09 -6.579064177349209785e+01 2.346444793045520782e+01 -5.899999999999999689e-02 5.217395722866058350e-02 -3.799999999999999906e-02 2.038573659956455231e-02
1.693864800000000000e+09 -6.578838343732059002e+01 2.346111583057790995e+01 -9.800000000000000377e-02 3.358253836631774902e-02 -5.399999999999999939e-02 3.393419459462165833e-02
1.693868400000000000e+09 -6.578406902030110359e+01 2.345721527002751827e+01 -1.409999999999999865e-01 1.777906529605388641e-02 -5.000000000000000278e-02 5.761344730854034424e-02
1.693872000000000000e+09 -6.578025051858276129e+01 2.345329849049448967e+01 -1.400000000000000133e-01 1.020312029868364334e-02 -1.200000000000000025e-02 9.086269885301589966e-02
1.693875600000000000e+09 -6.577535628341138363e+01 2.344957918860018253e+01 -7.599999999999999811e-02 1.544267311692237854e-02 -9.800000000000000377e-02 1.229352802038192749e-01
1.693879200000000000e+09 -6.577146527823060751e+01 2.344200228340923786e+01 -1.990000000000000102e-01 2.122960239648818970e-02 -6.600000000000000311e-02 1.442342400550842285e-01
1.693882800000000000e+09 -6.576845164876431227e+01 2.343464754056185484e+01 -1.890000000000000013e-01 1.235475577414035797e-02 -9.500000000000000111e-02 1.545198559761047363e-01
1.693886400000000000e+09 -6.576520152390003204e+01 2.342725654598325491e+01 -1.729999999999999871e-01 2.486034482717514038e-02 -7.000000000000000146e-03 1.558415144681930542e-01
1.693890000000000000e+09 -6.576234048698097467e+01 2.342050739564001560e+01 -1.559999999999999998e-01 3.161679208278656006e-02 2.500000000000000139e-02 1.408369243144989014e-01
1.693893600000000000e+09 -6.575819010380655527e+01 2.341311644297093153e+01 -1.610000000000000042e-01 4.919882863759994507e-02 2.400000000000000050e-02 1.327882409095764160e-01
1.693897200000000000e+09 -6.575503155123442411e+01 2.341208551079034805e+01 -1.419999999999999873e-01 1.138341426849365234e-02 1.600000000000000033e-02 9.972331672906875610e-02
1.693900800000000000e+09 -6.574182125274091959e+01 2.341411585919559002e+01 -1.150000000000000050e-01 6.775011308491230011e-03 7.099999999999999367e-02 8.005984872579574585e-02
1.693904400000000000e+09 -6.572859569918364286e+01 2.341678616590797901e+01 -9.700000000000000289e-02 -7.643065415322780609e-03 1.799999999999999864e-02 7.062127441167831421e-02
1.693908000000000000e+09 -6.570864479988813400e+01 2.341992946341633797e+01 -2.599999999999999881e-02 -5.053951591253280640e-02 1.000000000000000021e-02 7.554127275943756104e-02
1.693911600000000000e+09 -6.568968195933848619e+01 2.342247387394309044e+01 -1.010000000000000064e-01 -6.446437537670135498e-02 -2.299999999999999961e-02 9.461463987827301025e-02
1.693915200000000000e+09 -6.567541499622166157e+01 2.342518516816198826e+01 -1.209999999999999964e-01 -7.452444732189178467e-02 -4.100000000000000172e-02 1.182715594768524170e-01
1.693918800000000000e+09 -6.566948697902262211e+01 2.342704100534319878e+01 -8.699999999999999400e-02 -8.150455355644226074e-02 -6.900000000000000577e-02 1.444236934185028076e-01
1.693922400000000000e+09 -6.565840526483952999e+01 2.342952343169599771e+01 -1.079999999999999988e-01 -7.838618010282516479e-02 -1.199999999999999956e-01 1.699329912662506104e-01
1.693926000000000000e+09 -6.563967891968786716e+01 2.343204399570822716e+01 -1.039999999999999952e-01 -8.146256208419799805e-02 -1.160000000000000059e-01 1.845198869705200195e-01
1.693929600000000000e+09 -6.562176892999559641e+01 2.343487070873379707e+01 -1.120000000000000023e-01 -6.647556275129318237e-02 -1.019999999999999934e-01 1.814542412757873535e-01
1.693933200000000000e+09 -6.560554500203579664e+01 2.343767826911062002e+01 -7.799999999999999989e-02 -2.557974122464656830e-02 -1.039999999999999952e-01 1.674637794494628906e-01
1.693936800000000000e+09 -6.558991618920117617e+01 2.344025511760264635e+01 -9.400000000000000022e-02 -1.432354748249053955e-02 -5.000000000000000278e-02 1.467846035957336426e-01
1.693940400000000000e+09 -6.557149502914398909e+01 2.344316573347896338e+01 -1.000000000000000056e-01 -2.628916874527931213e-03 -2.400000000000000050e-02 1.427603065967559814e-01
1.693944000000000000e+09 -6.554918286390602589e+01 2.344581789337098598e+01 7.499999999999999722e-02 -1.948669739067554474e-02 3.599999999999999728e-02 1.085466593503952026e-01
1.693947600000000000e+09 -6.552886198740452528e+01 2.345033640973269939e+01 -2.000000000000000042e-02 -4.610784351825714111e-03 4.700000000000000011e-02 1.128687262535095215e-01
1.693951200000000000e+09 -6.550830075982958078e+01 2.345544526353478432e+01 -9.400000000000000022e-02 1.366310007870197296e-02 1.049999999999999961e-01 1.223056465387344360e-01
1.693954800000000000e+09 -6.548786542844027281e+01 2.346138375811278820e+01 -1.489999999999999936e-01 2.959131821990013123e-02 1.089999999999999997e-01 1.295468360185623169e-01
1.693958400000000000e+09 -6.547029871959239244e+01 2.346654600463807583e+01 -1.250000000000000000e-01 2.900913730263710022e-02 5.800000000000000294e-02 1.033565327525138855e-01
1.693962000000000000e+09 -6.544820016715675592e+01 2.347239016089588404e+01 -5.299999999999999850e-02 2.880255877971649170e-02 1.200000000000000025e-02 9.638510644435882568e-02
1.693965600000000000e+09 -6.542763893958181143e+01 2.347696106415241957e+01 -8.000000000000000167e-02 1.754276640713214874e-02 -2.599999999999999881e-02 7.878088951110839844e-02
1.693969200000000000e+09 -6.541027448605746031e+01 2.347635169979184866e+01 -1.140000000000000041e-01 -3.495328128337860107e-04 -1.239999999999999991e-01 5.920518189668655396e-02
1.693972800000000000e+09 -6.539441676344722509e+01 2.348029609769582748e+01 -1.390000000000000124e-01 -2.163572981953620911e-02 -1.110000000000000014e-01 1.187745481729507446e-02
1.693976400000000000e+09 -6.537897868081927299e+01 2.347103782463818789e+01 -2.280000000000000082e-01 -3.593069687485694885e-02 -1.089999999999999997e-01 -4.918351769447326660e-04
1.693980000000000000e+09 -6.537879557814449072e+01 2.347405049018561840e+01 -2.849999999999999756e-01 -6.010461598634719849e-02 -3.000000000000000062e-03 -1.440650597214698792e-02
1.693983600000000000e+09 -6.538064571563154459e+01 2.347944541834294796e+01 -2.999999999999999889e-01 -8.135719597339630127e-02 8.000000000000000167e-03 -1.934571564197540283e-02
1.693987200000000000e+09 -6.538152309134602547e+01 2.348561948630958796e+01 -1.789999999999999925e-01 -9.903561323881149292e-02 5.099999999999999672e-02 -2.051936462521553040e-02
1.693990800000000000e+09 -6.538096611388027668e+01 2.349297900684177876e+01 -2.230000000000000038e-01 -1.152479201555252075e-01 2.500000000000000139e-02 -1.297636330127716064e-02
1.693994400000000000e+09 -6.537924191448837519e+01 2.350180624052882195e+01 -2.260000000000000064e-01 -1.254503130912780762e-01 -2.599999999999999881e-02 3.973767161369323730e-04
1.693998000000000000e+09 -6.537720486056059599e+01 2.350942891091108322e+01 -1.970000000000000084e-01 -1.287077516317367554e-01 3.200000000000000067e-02 1.197211071848869324e-02
1.694001600000000000e+09 -6.537480541504919529e+01 2.351573084481060505e+01 -9.900000000000000466e-02 -6.270577013492584229e-02 -2.900000000000000147e-02 1.957007870078086853e-02
1.694005200000000000e+09 -6.537025827448815107e+01 2.351939004845917225e+01 -1.390000000000000124e-01 -7.206532359123229980e-02 -5.600000000000000117e-02 1.029473170638084412e-02
1.694008800000000000e+09 -6.536474604159593582e+01 2.352244562935084105e+01 -2.059999999999999887e-01 -8.029896020889282227e-02 -1.260000000000000009e-01 -3.187432885169982910e-04
1.694012400000000000e+09 -6.535966488998383284e+01 2.352520176675170660e+01 -1.990000000000000102e-01 -8.641378581523895264e-02 1.000000000000000021e-03 -6.944753229618072510e-03
1.694016000000000000e+09 -6.534494396299123764e+01 2.352897923905402422e+01 -1.590000000000000024e-01 -9.074711799621582031e-02 3.099999999999999978e-02 -5.092598497867584229e-03
1.694019600000000000e+09 -6.533236306160688400e+01 2.353247830644249916e+01 -2.179999999999999993e-01 -8.981966972351074219e-02 6.300000000000000044e-02 2.173706889152526855e-05
1.694023200000000000e+09 -6.532025523483753204e+01 2.353605649899691343e+01 -1.640000000000000069e-01 -8.918870985507965088e-02 3.099999999999999978e-02 2.647615969181060791e-03
1.694026800000000000e+09 -6.531231304630637169e+01 2.353956214617937803e+01 -3.039999999999999925e-01 -1.037286221981048584e-01 4.200000000000000261e-02 1.595146581530570984e-02
1.694030400000000000e+09 -6.530479426961392164e+01 2.354337494820356369e+01 -2.650000000000000133e-01 -1.067601069808006287e-01 6.000000000000000125e-03 9.297356009483337402e-03
1.694034000000000000e+09 -6.529063409194350243e+01 2.354680821765214205e+01 -2.179999999999999993e-01 -1.036822050809860229e-01 3.000000000000000062e-03 1.344820111989974976e-02
1.694037600000000000e+09 -6.527175900992006063e+01 2.354995151516050100e+01 -1.819999999999999951e-01 -9.786127507686614990e-02 2.299999999999999961e-02 2.887010201811790466e-02
1.694041200000000000e+09 -6.525149915367364883e+01 2.355315491091459990e+01 -1.239999999999999991e-01 -9.133237600326538086e-02 1.209999999999999964e-01 5.041861906647682190e-02
1.694044800000000000e+09 -6.523049540352076292e+01 2.355708308983594179e+01 -5.800000000000000294e-02 -7.680472731590270996e-02 1.330000000000000071e-01 8.135952055454254150e-02
1.694048400000000000e+09 -6.520507807843387127e+01 2.356142231728881598e+01 -3.400000000000000244e-02 -7.049947977066040039e-02 1.809999999999999942e-01 9.803326427936553955e-02
1.694052000000000000e+09 -6.517540735658258200e+01 2.356761834584176540e+01 8.699999999999999400e-02 -6.039849296212196350e-02 6.800000000000000488e-02 1.072101891040802002e-01
1.694055600000000000e+09 -6.514964670874178410e+01 2.356791493948549032e+01 1.110000000000000014e-01 -4.021846875548362732e-02 5.399999999999999939e-02 1.184082552790641785e-01
1.694059200000000000e+09 -6.513257214333862066e+01 2.357249828986823559e+01 6.700000000000000400e-02 -3.067944571375846863e-02 2.900000000000000147e-02 1.003811508417129517e-01
1.694062800000000000e+09 -6.511382291559129953e+01 2.357839198317378759e+01 -2.800000000000000058e-02 -3.810159862041473389e-03 1.799999999999999864e-02 9.726555645465850830e-02
1.694066400000000000e+09 -6.509459298569709063e+01 2.358671278227120638e+01 -2.900000000000000147e-02 3.557423502206802368e-02 -8.000000000000000167e-03 9.358878433704376221e-02
1.694070000000000000e+09 -6.507761380635201931e+01 2.359343238640576601e+01 -5.099999999999999672e-02 5.683859065175056458e-02 7.199999999999999456e-02 4.881203174591064453e-02
1.694073600000000000e+09 -6.506603236310184002e+01 2.359795945230871439e+01 -8.500000000000000611e-02 5.487036705017089844e-02 1.189999999999999947e-01 3.680400550365447998e-02
1.694077200000000000e+09 -6.505968851968646049e+01 2.360124582890421152e+01 -5.899999999999999689e-02 4.780634865164756775e-02 1.829999999999999960e-01 2.109833061695098877e-02
1.694080800000000000e+09 -6.505143351852893829e+01 2.360599991865456104e+01 3.099999999999999978e-02 3.624788671731948853e-02 1.089999999999999997e-01 1.250976510345935822e-02
1.694084400000000000e+09 -6.504489513114094734e+01 2.360947987530380487e+01 -3.400000000000000244e-02 1.938703842461109161e-02 1.449999999999999900e-01 1.420728117227554321e-02
1.694088000000000000e+09 -6.503641126211732626e+01 2.361342427320778370e+01 -3.799999999999999906e-02 4.664191976189613342e-03 8.100000000000000255e-02 1.227363757789134979e-02
1.694091600000000000e+09 -6.504056164529174566e+01 2.361427876632660627e+01 -8.300000000000000433e-02 -8.216907270252704620e-03 6.099999999999999867e-02 7.636137306690216064e-03
1.694095200000000000e+09 -6.505046838428825140e+01 2.361049169674515724e+01 -1.340000000000000080e-01 -1.774424314498901367e-02 7.299999999999999545e-02 2.466572448611259460e-03
1.694098800000000000e+09 -6.506270977668464184e+01 2.360654063522815704e+01 -1.179999999999999938e-01 -2.183604240417480469e-02 4.299999999999999656e-02 -1.258508674800395966e-02
1.694102400000000000e+09 -6.506048580631613731e+01 2.360583018511533737e+01 -9.199999999999999845e-02 -2.332806214690208435e-02 -3.699999999999999817e-02 -3.259962052106857300e-02
1.694106000000000000e+09 -6.504563902504742146e+01 2.360900969244539738e+01 -7.000000000000000666e-02 -2.985645458102226257e-02 9.500000000000000111e-02 -5.334957689046859741e-02
1.694109600000000000e+09 -6.503567880950868130e+01 2.361303422134369612e+01 -1.519999999999999962e-01 -4.375536739826202393e-02 7.699999999999999900e-02 -6.444829702377319336e-02
1.694113200000000000e+09 -6.505049512255936861e+01 2.361005302984267473e+01 -1.529999999999999971e-01 -5.983191728591918945e-02 4.900000000000000189e-02 -6.755691766738891602e-02
1.694116800000000000e+09 -6.506683342158794403e+01 2.360585210379213095e+01 -1.600000000000000033e-01 -8.406402170658111572e-02 1.089999999999999997e-01 -7.404927164316177368e-02
1.694120400000000000e+09 -6.506251137703657150e+01 2.360797591041773558e+01 -9.500000000000000111e-02 -1.116628721356391907e-01 1.310000000000000053e-01 -8.144638687372207642e-02
1.694124000000000000e+09 -6.505649564322084188e+01 2.361093706917017698e+01 -1.089999999999999997e-01 -1.369437277317047119e-01 1.640000000000000069e-01 -5.482434853911399841e-02
1.694127600000000000e+09 -6.505071636289358139e+01 2.361549280118197203e+01 -8.599999999999999312e-02 -1.567395031452178955e-01 1.970000000000000084e-01 -2.225600741803646088e-02
1.694131200000000000e+09 -6.504515455104410648e+01 2.362173937261104584e+01 -1.010000000000000064e-01 -1.685453057289123535e-01 2.220000000000000029e-01 1.015780493617057800e-02
1.694329200000000000e+09 -6.460942835547029972e+01 2.386786838527768850e+01 2.610000000000000098e-01 -7.345963269472122192e-02 1.000000000000000021e-02 -1.065955832600593567e-01
1.694332800000000000e+09 -6.459854122716933489e+01 2.388148684054613113e+01 3.119999999999999996e-01 -7.442975044250488281e-02 6.800000000000000488e-02 -1.310110390186309814e-01
1.694336400000000000e+09 -6.460097881034016609e+01 2.387628838419914246e+01 2.839999999999999747e-01 -1.025689095258712769e-01 2.999999999999999889e-02 -9.408834576606750488e-02
1.694340000000000000e+09 -6.460601801052689552e+01 2.385543626267462969e+01 2.129999999999999949e-01 -1.113647967576980591e-01 3.699999999999999817e-02 -8.678341656923294067e-02
1.694343600000000000e+09 -6.461740109603852034e+01 2.383572860620915890e+01 7.299999999999999545e-02 -1.080422699451446533e-01 1.439999999999999891e-01 -7.780089974403381348e-02
1.694347200000000000e+09 -6.462991707958281040e+01 2.382007883861660957e+01 7.799999999999999989e-02 -1.046609356999397278e-01 2.680000000000000160e-01 -6.687498092651367188e-02
1.694350800000000000e+09 -6.464338298421353102e+01 2.380547517444938421e+01 5.299999999999999850e-02 -9.808772802352905273e-02 2.949999999999999845e-01 -5.543646216392517090e-02
1.694354400000000000e+09 -6.465356058441102505e+01 2.378732106182724237e+01 4.800000000000000100e-02 -6.684422492980957031e-02 2.300000000000000100e-01 -2.739597484469413757e-02
1.694358000000000000e+09 -6.466626734007149935e+01 2.376877970527857542e+01 1.079999999999999988e-01 -5.200573056936264038e-02 2.200000000000000011e-01 -3.370116278529167175e-02
1.694361600000000000e+09 -6.467815015465021133e+01 2.374881166499108076e+01 1.509999999999999953e-01 -4.576830938458442688e-02 1.529999999999999971e-01 -4.050071537494659424e-02
1.694365200000000000e+09 -6.469174572732299566e+01 2.372699256520718336e+01 1.370000000000000107e-01 -9.656134992837905884e-02 1.590000000000000024e-01 -2.268068119883537292e-02
1.694368800000000000e+09 -6.470756527036428452e+01 2.370513624977320433e+01 4.299999999999999656e-02 -1.024985909461975098e-01 1.789999999999999925e-01 -1.931162923574447632e-02
1.694372400000000000e+09 -6.472189706750214100e+01 2.368293665349483490e+01 5.000000000000000104e-03 -1.038888692855834961e-01 2.020000000000000129e-01 -2.398972958326339722e-02
1.694379600000000000e+09 -6.477136990986764431e+01 2.365922064520418644e+01 1.049999999999999961e-01 -1.832826286554336548e-01 2.099999999999999922e-01 -4.360676556825637817e-02
1.694383200000000000e+09 -6.478516002651304007e+01 2.364070032723248005e+01 1.640000000000000069e-01 -1.702975928783416748e-01 2.190000000000000002e-01 -5.804160609841346741e-04
1.694386800000000000e+09 -6.479100795462727547e+01 2.361595338676124811e+01 1.990000000000000102e-01 -1.754480451345443726e-01 1.799999999999999933e-01 -8.345146663486957550e-03
1.694390400000000000e+09 -6.479605096857994795e+01 2.359370991121977568e+01 1.539999999999999980e-01 -1.760814636945724487e-01 2.089999999999999913e-01 -1.938015595078468323e-02
1.694394000000000000e+09 -6.479042050894349813e+01 2.361103337723761797e+01 1.350000000000000089e-01 -1.741656213998794556e-01 1.930000000000000049e-01 -4.050011932849884033e-02
1.694397600000000000e+09 -6.480073926039040089e+01 2.359451482538133860e+01 7.199999999999999456e-02 -1.621074974536895752e-01 2.250000000000000056e-01 -5.520279705524444580e-02
1.694401200000000000e+09 -6.478564064484089613e+01 2.361014745198190212e+01 5.999999999999999778e-02 -1.310612857341766357e-01 1.680000000000000104e-01 -5.205787718296051025e-02
1.694404800000000000e+09 -6.480808633379638195e+01 2.359419723507016897e+01 9.299999999999999933e-02 -1.052217930555343628e-01 2.439999999999999947e-01 -4.912275448441505432e-02
1.694408400000000000e+09 -6.478202054277062416e+01 2.360312169883400202e+01 9.500000000000000111e-02 -8.644226193428039551e-02 2.169999999999999984e-01 -5.171603709459304810e-02
1.694412000000000000e+09 -6.474820702336728573e+01 2.361322972923517227e+01 7.699999999999999900e-02 -3.507819399237632751e-02 1.580000000000000016e-01 -7.052157819271087646e-02
1.694415600000000000e+09 -6.471683879848569632e+01 2.362514397595077753e+01 7.399999999999999634e-02 -1.739519461989402771e-02 1.759999999999999898e-01 -4.922091588377952576e-02
1.694419200000000000e+09 -6.468508525751531124e+01 2.363798136357218027e+01 1.660000000000000087e-01 -1.165623217821121216e-02 1.120000000000000023e-01 -7.151366770267486572e-02
1.694422800000000000e+09 -6.464801021385937929e+01 2.364927476271986961e+01 1.549999999999999989e-01 8.851140737533569336e-03 1.100000000000000006e-01 -1.211946681141853333e-01
1.694426400000000000e+09 -6.461246863938868046e+01 2.366087334696203470e+01 1.069999999999999979e-01 -8.938437700271606445e-02 1.219999999999999973e-01 -2.017950713634490967e-01
1.694430000000000000e+09 -6.457489009480923414e+01 2.367102236486971378e+01 1.300000000000000044e-01 -1.135016381740570068e-01 2.199999999999999872e-02 -2.366133928298950195e-01
1.694433600000000000e+09 -6.453421397600322962e+01 2.368254274595528841e+01 9.900000000000000466e-02 -1.422512531280517578e-01 -7.000000000000000146e-03 -2.628608942031860352e-01
1.694437200000000000e+09 -6.452089689206331968e+01 2.369489951524883509e+01 3.300000000000000155e-02 -1.555296629667282104e-01 0.000000000000000000e+00 -2.940095663070678711e-01
1.694440800000000000e+09 -6.452835079282522202e+01 2.370959751773625612e+01 -3.699999999999999817e-02 -1.609841883182525635e-01 -2.900000000000000147e-02 -3.273243308067321777e-01
1.694444400000000000e+09 -6.454256813507527113e+01 2.372088907286524773e+01 -1.059999999999999970e-01 -1.689851582050323486e-01 -6.300000000000000044e-02 -3.590872883796691895e-01
1.694448000000000000e+09 -6.455842585768550634e+01 2.372506711632013321e+01 -1.120000000000000023e-01 -1.630046963691711426e-01 -1.000000000000000056e-01 -4.081932902336120605e-01
1.694451600000000000e+09 -6.457708355505019426e+01 2.373363493010401726e+01 -1.900000000000000022e-01 -2.030149996280670166e-01 -1.160000000000000059e-01 -4.833930730819702148e-01
1.694455200000000000e+09 -6.459374610800296068e+01 2.372781269252300262e+01 -1.749999999999999889e-01 -1.729031354188919067e-01 -1.640000000000000069e-01 -5.507107973098754883e-01
1.694458800000000000e+09 -6.460922999773174524e+01 2.371884627733379602e+01 -9.700000000000000289e-02 -2.176110148429870605e-01 -1.839999999999999969e-01 -5.652870535850524902e-01
1.694462400000000000e+09 -6.462406537961214781e+01 2.370446393731981516e+01 -1.849999999999999978e-01 -2.533147633075714111e-01 -3.320000000000000173e-01 -6.316816806793212891e-01
1.694466000000000000e+09 -6.463860697578638792e+01 2.368818280287086964e+01 -1.400000000000000133e-01 -2.754391431808471680e-01 -3.689999999999999947e-01 -6.855124235153198242e-01
1.694469600000000000e+09 -6.465470115188509226e+01 2.366935914382338524e+01 -1.350000000000000089e-01 -2.511133253574371338e-01 -3.760000000000000009e-01 -7.600830793380737305e-01
1.694473200000000000e+09 -6.466614148579537868e+01 2.364667507354170084e+01 -1.189999999999999947e-01 -1.386540234088897705e-01 -5.200000000000000178e-01 -8.857361078262329102e-01
1.694476800000000000e+09 -6.467995067127048969e+01 2.362092871684581041e+01 -1.209999999999999964e-01 -8.451183140277862549e-02 -6.029999999999999805e-01 -1.064738392829895020e+00
1.694480400000000000e+09 -6.468570706900209188e+01 2.358943551778793335e+01 -2.550000000000000044e-01 -7.796958088874816895e-04 -6.480000000000000204e-01 -1.153521776199340820e+00
1.694484000000000000e+09 -6.469606014434248209e+01 2.355300902388989925e+01 -3.009999999999999898e-01 1.642570793628692627e-01 -6.889999999999999458e-01 -1.304406166076660156e+00
1.694487600000000000e+09 -6.470650856383144855e+01 2.351678080391138792e+01 -1.519999999999999962e-01 2.144462242722511292e-02 -8.780000000000000027e-01 -1.426645755767822266e+00
1.694491200000000000e+09 -6.471150966826826334e+01 2.347717090509831905e+01 -2.000000000000000042e-02 1.222435608506202698e-01 -7.700000000000000178e-01 -1.386923670768737793e+00
