TCname, SDnum, timestamp(1), timestamp(2), min-distance btw SDnum & storm center(km)
FRANKLIN 1031 1692522780 1692756360 114.8
FRANKLIN 1036 1692916920 1693273620 175.7
FRANKLIN 1040 1692493500 1692549360 123.8
FRANKLIN 1057 1693299780 1693377780 441.8
FRANKLIN 1064 1692907740 1693194900 38.7
FRANKLIN 1065 1693181520 1693390860 454.3
FRANKLIN 1068 1692807600 1693085580 312.4
GERT 1040 1692639360 1692946740 313.3
GERT 1069 1692495120 1692679200 234.6
HAROLD 1083 1692644460 1692647880 477.1
IDALIA 1045 1693417020 1693534260 120.0
IDALIA 1057 1693476180 1693592340 102.2
IDALIA 1065 1693578840 1693747320 227.9
IDALIA 1083 1693291080 1693433040 13.0
LEE 1036 1694455440 1694715360 65.3
LEE 1041 1694397720 1694652840 165.2
LEE 1057 1694680500 1694781960 326.3
LEE 1064 1694363940 1694650500 42.1
LEE 1065 1694571420 1694674740 138.6
LEE 1069 1694114760 1694287740 130.8
OPHELIA 1045 1695322860 1695574320 119.9
OPHELIA 1057 1695322860 1695558000 146.3
PHILIPPE 1031 1696318560 1696449780 311.5
PHILIPPE 1036 1696359840 1696536600 135.9
PHILIPPE 1041 1696421520 1696594860 174.6
PHILIPPE 1068 1696287900 1696538400 137.7
PHILIPPE 1069 1695821160 1696050060 276.4
RINA 1069 1696106460 1696226460 297.3
SEAN 1069 1697483100 1697504400 379.3
TAMMY 1031 1697929680 1698130680 213.5
TAMMY 1036 1697944500 1698127200 205.3
TAMMY 1040 1697911560 1698167220 23.0
TAMMY 1041 1698085440 1698295200 78.5
TAMMY 1068 1697966340 1698247200 35.5
TAMMY 1069 1697748900 1697954940 403.8
UNNAMED 1031 1690873200 1691697960 291.9
UNNAMED 1036 1690873200 1691565480 430.1
UNNAMED 1068 1690873200 1692950640 218.4
