# name, time, usa_lon, usa_lat, usa_sshs, usa_wind, usa_r34
# (Name of system), (timestamp), (degE), deg(N), (), (nautical miles)
ANA 1621494000.00004 -55.5 30.3 -4 30 -9999 -9999 -9999 -9999
ANA 1621504800.00004 -55.1 30.9 -4 33 -9999 -9999 -9999 -9999
ANA 1621515600.00004 -54.5 31.5 -4 35 100 0 0 0
ANA 1621526400.00004 -53.6 32.3 -4 38 125 0 0 0
ANA 1621537200.00004 -53.0 33.0 -4 40 150 0 0 0
ANA 1621548000.00004 -53.2 33.7 -4 43 180 0 0 60
ANA 1621558800.00004 -53.8 34.2 -4 45 210 0 0 120
ANA 1621569600.00004 -54.3 34.5 -4 48 240 0 0 135
ANA 1621580400.00004 -55.0 34.8 -4 50 270 0 0 150
ANA 1621591200.00004 -55.9 35.2 -4 50 285 0 0 165
ANA 1621602000.00004 -57.0 35.5 -4 50 300 0 0 180
ANA 1621612800.00004 -58.2 35.7 -4 48 315 0 0 180
ANA 1621623600.00004 -59.3 35.7 -4 45 330 0 0 180
ANA 1621634400.00004 -60.3 35.4 -4 45 300 0 0 165
ANA 1621645200.00004 -61.1 35.0 -4 45 270 0 0 150
ANA 1621656000.00004 -61.6 34.7 -4 43 225 0 0 135
ANA 1621666800.00004 -61.8 34.5 -4 40 180 0 0 120
ANA 1621677600.00004 -62.0 34.3 -4 38 135 0 0 120
ANA 1621688400.00004 -62.1 34.2 -2 35 90 0 0 120
ANA 1621699200.00004 -62.4 34.2 -2 35 75 0 0 105
ANA 1621710000.00004 -62.7 34.3 -2 35 60 0 0 90
ANA 1621720800.00004 -62.6 34.2 -2 35 30 20 0 45
ANA 1621731600.00004 -62.4 34.2 -2 35 0 40 0 0
ANA 1621742400.00004 -62.1 34.4 -2 38 0 40 0 0
ANA 1621753200.00004 -61.8 34.7 0 40 0 40 0 0
ANA 1621764000.00004 -61.5 35.0 0 40 0 40 0 0
ANA 1621774800.00004 -61.1 35.4 0 40 0 40 0 0
ANA 1621785600.00004 -60.8 35.7 0 38 0 35 0 0
ANA 1621796400.00004 -60.3 36.1 0 35 0 30 0 0
ANA 1621807200.00004 -59.6 36.4 0 35 0 30 0 0
ANA 1621818000.00004 -58.7 36.8 -3 35 0 30 0 0
ANA 1621828800.00004 -57.7 37.2 -3 35 0 30 0 0
ANA 1621839600.00004 -56.7 37.6 -3 35 0 30 0 0
BILL 1623632400.00004 -78.1 31.9 -3 20 -9999 -9999 -9999 -9999
BILL 1623643200.00004 -77.6 32.2 -3 20 -9999 -9999 -9999 -9999
BILL 1623654000.00004 -77.1 32.5 -3 20 -9999 -9999 -9999 -9999
BILL 1623664800.00004 -76.5 32.8 -3 23 -9999 -9999 -9999 -9999
BILL 1623675600.00004 -75.9 33.2 -1 25 -9999 -9999 -9999 -9999
BILL 1623686400.00004 -75.2 33.6 -1 28 -9999 -9999 -9999 -9999
BILL 1623697200.00004 -74.5 34.0 -1 30 -9999 -9999 -9999 -9999
BILL 1623708000.00004 -73.7 34.4 -1 33 -9999 -9999 -9999 -9999
BILL 1623718800.00004 -72.8 34.9 0 35 0 60 0 0
BILL 1623729600.00004 -71.9 35.4 0 38 0 70 0 0
BILL 1623740400.00004 -70.8 36.0 0 40 0 80 0 0
BILL 1623751200.00004 -69.4 36.7 0 45 20 80 0 0
BILL 1623762000.00004 -67.8 37.6 0 50 40 80 0 0
BILL 1623772800.00004 -65.9 38.5 0 53 40 80 20 0
BILL 1623783600.00004 -64.0 39.4 0 55 40 80 40 0
BILL 1623794400.00004 -62.3 40.2 0 50 50 70 40 0
BILL 1623805200.00004 -60.8 40.9 0 45 60 60 40 0
BILL 1623816000.00004 -59.3 41.7 0 40 60 60 40 0
BILL 1623826800.00004 -57.9 42.5 -4 35 60 60 40 0
CLAUDETTE 1623978000.00004 -92.2 22.5 -3 25 -9999 -9999 -9999 -9999
CLAUDETTE 1623988800.00004 -92.0 23.0 -3 28 -9999 -9999 -9999 -9999
CLAUDETTE 1623999600.00004 -91.8 23.5 -3 30 -9999 -9999 -9999 -9999
CLAUDETTE 1624010400.00004 -91.6 24.0 -3 33 -9999 -9999 -9999 -9999
CLAUDETTE 1624021200.00004 -91.4 24.6 -3 35 150 150 0 0
CLAUDETTE 1624032000.00004 -91.3 25.2 -3 35 150 150 0 0
CLAUDETTE 1624042800.00004 -91.2 25.9 -3 35 150 150 0 0
CLAUDETTE 1624053600.00004 -91.1 26.6 -3 38 165 165 0 0
CLAUDETTE 1624064400.00004 -91.1 27.2 -3 40 180 180 0 0
CLAUDETTE 1624075200.00004 -91.2 27.8 -3 40 180 180 0 0
CLAUDETTE 1624086000.00004 -91.2 28.4 0 40 180 180 0 0
CLAUDETTE 1624096800.00004 -91.1 28.9 0 40 180 180 0 0
CLAUDETTE 1624102200.00004 -91.0 29.2 0 40 180 180 0 0
CLAUDETTE 1624107600.00004 -90.8 29.5 0 40 180 180 0 0
CLAUDETTE 1624118400.00004 -90.4 30.1 0 38 90 180 0 0
CLAUDETTE 1624129200.00004 -89.9 30.6 0 35 0 180 0 0
CLAUDETTE 1624140000.00004 -89.4 31.1 -1 33 -9999 -9999 -9999 -9999
CLAUDETTE 1624150800.00004 -88.8 31.5 -1 30 -9999 -9999 -9999 -9999
CLAUDETTE 1624161600.00004 -88.3 32.0 -1 28 -9999 -9999 -9999 -9999
CLAUDETTE 1624172400.00004 -87.8 32.4 -1 25 -9999 -9999 -9999 -9999
CLAUDETTE 1624183200.00004 -87.2 32.8 -1 25 -9999 -9999 -9999 -9999
CLAUDETTE 1624194000.00004 -86.5 33.1 -1 25 -9999 -9999 -9999 -9999
CLAUDETTE 1624204800.00004 -85.7 33.3 -1 25 -9999 -9999 -9999 -9999
CLAUDETTE 1624215600.00004 -84.8 33.5 -1 25 -9999 -9999 -9999 -9999
CLAUDETTE 1624226400.00004 -84.0 33.6 -1 25 -9999 -9999 -9999 -9999
CLAUDETTE 1624237200.00004 -83.1 33.8 -1 25 -9999 -9999 -9999 -9999
CLAUDETTE 1624248000.00004 -82.2 34.0 -1 28 -9999 -9999 -9999 -9999
CLAUDETTE 1624258800.00004 -81.2 34.2 -1 30 -9999 -9999 -9999 -9999
CLAUDETTE 1624269600.00004 -80.2 34.6 0 35 -9999 55 -9999 -9999
CLAUDETTE 1624280400.00004 -79.1 35.0 0 40 0 110 0 0
CLAUDETTE 1624291200.00004 -77.9 35.5 0 40 0 120 0 0
CLAUDETTE 1624302000.00004 -76.5 36.0 0 40 0 130 0 0
CLAUDETTE 1624312800.00004 -75.0 36.5 0 40 0 130 0 0
CLAUDETTE 1624323600.00004 -73.5 37.0 0 40 0 130 0 0
CLAUDETTE 1624334400.00004 -72.1 37.7 0 40 0 140 0 0
CLAUDETTE 1624345200.00004 -70.7 38.4 0 40 0 150 0 0
CLAUDETTE 1624356000.00004 -69.2 39.0 0 40 0 160 60 0
CLAUDETTE 1624366800.00004 -67.8 39.7 -4 40 0 170 120 0
CLAUDETTE 1624377600.00004 -66.5 40.4 -4 40 0 170 120 0
CLAUDETTE 1624388400.00004 -65.2 41.2 -4 40 0 170 120 0
CLAUDETTE 1624399200.00004 -63.8 41.9 -4 40 0 170 120 0
CLAUDETTE 1624410000.00004 -62.4 42.6 -4 40 0 170 120 0
CLAUDETTE 1624420800.00004 -61.0 43.3 -4 38 0 135 60 0
CLAUDETTE 1624431600.00004 -59.6 44.1 -4 35 0 100 0 0
DANNY 1624842000.00004 -72.8 29.8 -1 30 -9999 -9999 -9999 -9999
DANNY 1624852800.00004 -73.7 29.9 -1 30 -9999 -9999 -9999 -9999
DANNY 1624863600.00004 -74.5 30.1 -1 30 -9999 -9999 -9999 -9999
DANNY 1624874400.00004 -75.3 30.4 -1 33 -9999 -9999 -9999 -9999
DANNY 1624885200.00004 -76.1 30.7 0 35 40 0 0 30
DANNY 1624896000.00004 -76.8 31.1 0 35 40 0 15 30
DANNY 1624906800.00004 -77.6 31.5 0 35 40 0 30 30
DANNY 1624917600.00004 -78.6 31.8 0 38 40 0 30 30
DANNY 1624928400.00004 -79.5 32.0 0 40 40 0 30 30
DANNY 1624939200.00004 -80.0 32.1 0 37 40 0 13 13
DANNY 1624947600.000063 -80.5 32.3 0 35 40 0 0 0
DANNY 1624950000.00004 -80.7 32.4 -1 30 -9999 -9999 -9999 -9999
ELSA 1625101200.00004 -42.8 9.4 -1 30 -9999 -9999 -9999 -9999
ELSA 1625112000.00004 -44.1 9.3 -1 33 -9999 -9999 -9999 -9999
ELSA 1625122800.00004 -45.3 9.3 0 35 90 0 0 0
ELSA 1625133600.00004 -46.5 9.3 0 35 90 0 0 45
ELSA 1625144400.00004 -47.7 9.4 0 35 90 0 0 90
ELSA 1625155200.00004 -49.0 9.6 0 38 90 35 0 90
ELSA 1625166000.00004 -50.2 9.9 0 40 90 70 0 90
ELSA 1625176800.00004 -51.4 10.3 0 43 90 75 0 90
ELSA 1625187600.00004 -52.6 10.7 0 45 90 80 0 90
ELSA 1625198400.00004 -53.8 11.1 0 48 95 85 0 95
ELSA 1625209200.00004 -55.0 11.5 0 50 100 90 0 100
ELSA 1625220000.00004 -56.1 11.9 0 53 105 95 15 105
ELSA 1625230800.00004 -57.3 12.3 0 55 110 100 30 110
ELSA 1625241600.00004 -58.5 12.6 0 60 115 100 30 110
ELSA 1625252400.00004 -59.8 13.0 1 65 120 100 30 110
ELSA 1625263200.00004 -61.1 13.4 1 70 120 100 30 110
ELSA 1625274000.00004 -62.4 13.8 1 75 120 100 30 110
ELSA 1625284800.00004 -63.7 14.2 1 73 120 105 30 115
ELSA 1625295600.00004 -65.1 14.7 1 70 120 110 30 120
ELSA 1625306400.00004 -66.5 15.2 1 68 115 105 30 115
ELSA 1625317200.00004 -67.9 15.7 1 65 110 100 30 110
ELSA 1625328000.00004 -69.1 16.2 0 63 110 95 30 105
ELSA 1625338800.00004 -70.3 16.6 0 60 110 90 30 100
ELSA 1625349600.00004 -71.4 16.9 0 60 105 85 30 100
ELSA 1625360400.00004 -72.5 17.2 0 60 100 80 30 100
ELSA 1625371200.00004 -73.5 17.4 0 58 100 85 30 100
ELSA 1625382000.00004 -74.4 17.6 0 55 100 90 30 100
ELSA 1625392800.00004 -75.0 17.8 0 55 100 80 30 100
ELSA 1625403600.00004 -75.5 18.0 0 55 100 70 30 100
ELSA 1625414400.00004 -76.0 18.2 0 53 95 65 30 95
ELSA 1625425200.00004 -76.5 18.5 0 50 90 60 30 90
ELSA 1625436000.00004 -77.0 18.9 0 50 85 60 30 85
ELSA 1625446800.00004 -77.6 19.3 0 50 80 60 30 80
ELSA 1625457600.00004 -78.1 19.7 0 53 75 60 25 75
ELSA 1625468400.00004 -78.6 20.1 0 55 70 60 20 70
ELSA 1625479200.00004 -79.1 20.4 0 55 65 60 10 65
ELSA 1625490000.00004 -79.6 20.7 0 55 60 60 0 60
ELSA 1625500800.00004 -80.2 21.0 0 55 60 60 0 55
ELSA 1625511600.00004 -80.7 21.3 0 55 60 60 0 50
ELSA 1625522400.00004 -81.1 21.6 0 55 60 60 0 50
ELSA 1625533200.00004 -81.5 22.1 0 55 60 60 0 50
ELSA 1625535000.000054 -81.6 22.2 0 55 60 60 0 50
ELSA 1625544000.00004 -81.9 22.6 0 53 60 55 0 50
ELSA 1625554800.00004 -82.0 22.9 0 50 60 50 0 50
ELSA 1625565600.00004 -82.2 23.3 0 50 60 50 0 50
ELSA 1625576400.00004 -82.4 23.7 0 50 60 50 0 50
ELSA 1625587200.00004 -82.6 24.1 0 53 60 55 0 50
ELSA 1625598000.00004 -82.7 24.6 0 55 60 60 0 50
ELSA 1625608800.00004 -82.8 25.0 0 58 65 65 0 55
ELSA 1625619600.00004 -82.9 25.5 0 60 70 70 0 60
ELSA 1625630400.00004 -83.0 26.0 0 63 70 75 0 60
ELSA 1625641200.00004 -83.2 26.6 1 65 70 80 0 60
ELSA 1625652000.00004 -83.4 27.2 0 60 70 80 0 60
ELSA 1625662800.00004 -83.5 27.8 0 55 70 80 0 60
ELSA 1625673600.00004 -83.6 28.4 0 55 70 80 0 55
ELSA 1625684400.00004 -83.6 29.1 0 55 70 80 0 50
ELSA 1625693400.000067 -83.5 29.8 0 55 70 80 0 50
ELSA 1625695200.00004 -83.5 29.9 0 54 69 77 0 47
ELSA 1625706000.00004 -83.4 30.3 0 45 60 60 0 30
ELSA 1625716800.00004 -83.1 30.9 0 45 30 80 0 15
ELSA 1625727600.00004 -82.7 31.5 0 45 0 100 0 0
ELSA 1625738400.00004 -82.3 32.1 0 43 0 100 0 0
ELSA 1625749200.00004 -81.8 32.8 0 40 0 100 0 0
ELSA 1625760000.00004 -81.2 33.5 0 40 0 110 0 0
ELSA 1625770800.00004 -80.5 34.2 0 40 0 120 0 0
ELSA 1625781600.00004 -79.8 34.9 0 43 0 130 0 0
ELSA 1625792400.00004 -79.0 35.5 0 45 0 140 0 0
ELSA 1625803200.00004 -78.2 36.1 0 45 0 140 0 0
ELSA 1625814000.00004 -77.4 36.8 0 45 0 140 0 0
ELSA 1625824800.00004 -76.5 37.6 0 48 35 140 0 0
ELSA 1625835600.00004 -75.5 38.4 0 50 70 140 0 0
ELSA 1625846400.00004 -74.3 39.4 0 50 70 140 0 0
ELSA 1625857200.00004 -73.1 40.3 0 50 70 140 0 0
ELSA 1625868000.00004 -72.3 40.9 0 50 70 140 0 0
ELSA 1625873400.00004 -71.7 41.4 0 50 70 140 0 0
ELSA 1625878800.00004 -71.0 42.0 -4 45 70 120 0 0
ELSA 1625889600.00004 -69.7 43.0 -4 43 70 120 0 0
ELSA 1625900400.00004 -68.3 44.0 -4 40 70 120 0 0
ELSA 1625911200.00004 -66.5 45.3 -4 38 70 120 0 0
ELSA 1625922000.00004 -64.4 46.8 -4 35 70 120 0 0
FRED 1628557200.00004 -58.7 13.9 -3 30 -9999 -9999 -9999 -9999
FRED 1628568000.00004 -59.4 14.3 -3 30 -9999 -9999 -9999 -9999
FRED 1628578800.00004 -60.1 14.6 -3 30 -9999 -9999 -9999 -9999
FRED 1628589600.00004 -60.8 14.9 -3 30 -9999 -9999 -9999 -9999
FRED 1628600400.00004 -61.6 15.3 -3 30 -9999 -9999 -9999 -9999
FRED 1628611200.00004 -62.4 15.6 -3 30 -9999 -9999 -9999 -9999
FRED 1628622000.00004 -63.1 16.0 -3 30 -9999 -9999 -9999 -9999
FRED 1628632800.00004 -63.9 16.4 -3 30 -9999 -9999 -9999 -9999
FRED 1628643600.00004 -64.6 16.7 -3 30 -9999 -9999 -9999 -9999
FRED 1628654400.00004 -65.4 17.0 -3 33 -9999 -9999 -9999 -9999
FRED 1628665200.00004 -66.1 17.3 0 35 40 0 0 0
FRED 1628676000.00004 -66.9 17.5 0 35 40 0 0 0
FRED 1628686800.00004 -67.6 17.7 0 35 40 0 0 0
FRED 1628697600.00004 -68.3 17.8 0 38 45 0 0 0
FRED 1628708400.00004 -69.0 18.0 0 40 50 0 0 0
FRED 1628719200.00004 -69.6 18.2 0 40 50 0 0 0
FRED 1628726400.000054 -70.1 18.4 0 40 50 0 0 0
FRED 1628730000.00004 -70.4 18.5 0 35 50 0 0 0
FRED 1628740800.00004 -71.1 18.8 -1 33 -9999 -9999 -9999 -9999
FRED 1628751600.00004 -71.7 19.2 -1 30 -9999 -9999 -9999 -9999
FRED 1628762400.00004 -72.3 19.6 -1 30 -9999 -9999 -9999 -9999
FRED 1628773200.00004 -72.9 20.0 -1 30 -9999 -9999 -9999 -9999
FRED 1628784000.00004 -73.4 20.3 -1 30 -9999 -9999 -9999 -9999
FRED 1628794800.00004 -73.9 20.5 -1 30 -9999 -9999 -9999 -9999
FRED 1628805600.00004 -74.3 20.7 -1 30 -9999 -9999 -9999 -9999
FRED 1628816400.00004 -74.7 20.9 -1 30 -9999 -9999 -9999 -9999
FRED 1628827200.00004 -75.1 21.0 -1 33 -9999 -9999 -9999 -9999
FRED 1628838000.00004 -75.5 21.2 0 35 60 0 0 0
FRED 1628848800.00004 -76.0 21.4 0 35 60 0 0 0
FRED 1628859600.00004 -76.6 21.6 0 35 60 0 0 0
FRED 1628870400.00004 -77.1 21.8 -1 33 -9999 -9999 -9999 -9999
FRED 1628881200.00004 -77.7 22.0 -1 30 -9999 -9999 -9999 -9999
FRED 1628892000.00004 -78.3 22.2 -1 30 -9999 -9999 -9999 -9999
FRED 1628902800.00004 -79.0 22.3 -1 30 -9999 -9999 -9999 -9999
FRED 1628913600.00004 -79.6 22.4 -1 30 -9999 -9999 -9999 -9999
FRED 1628924400.00004 -80.2 22.5 -3 30 -9999 -9999 -9999 -9999
FRED 1628935200.00004 -80.8 22.6 -3 30 -9999 -9999 -9999 -9999
FRED 1628946000.00004 -81.3 22.7 -3 30 -9999 -9999 -9999 -9999
FRED 1628956800.00004 -81.9 22.8 -3 30 -9999 -9999 -9999 -9999
FRED 1628967600.00004 -82.5 22.9 -3 30 -9999 -9999 -9999 -9999
FRED 1628978400.00004 -83.0 23.1 -3 30 -9999 -9999 -9999 -9999
FRED 1628989200.00004 -83.5 23.3 -3 30 -9999 -9999 -9999 -9999
FRED 1629000000.00004 -83.9 23.7 -3 33 -9999 -9999 -9999 -9999
FRED 1629010800.00004 -84.1 24.1 -3 35 130 0 0 0
FRED 1629021600.00004 -84.3 24.6 -3 35 120 0 0 0
FRED 1629032400.00004 -84.4 25.0 -3 35 110 0 0 0
FRED 1629043200.00004 -84.5 25.4 -3 35 100 0 0 0
FRED 1629054000.00004 -84.7 25.7 0 35 90 0 0 0
FRED 1629064800.00004 -84.9 26.1 0 38 85 30 0 0
FRED 1629075600.00004 -85.2 26.4 0 40 80 60 0 0
FRED 1629086400.00004 -85.5 26.7 0 45 80 60 0 0
FRED 1629097200.00004 -85.8 27.0 0 50 80 60 0 0
FRED 1629108000.00004 -85.9 27.4 0 50 85 70 0 0
FRED 1629118800.00004 -85.9 27.8 0 50 90 80 0 0
FRED 1629129600.00004 -85.8 28.2 0 50 95 90 15 20
FRED 1629140400.00004 -85.7 28.7 0 50 100 100 30 40
FRED 1629151200.00004 -85.5 29.1 0 53 100 100 30 40
FRED 1629162000.00004 -85.4 29.5 0 55 100 100 30 40
FRED 1629165600.000067 -85.4 29.7 0 55 100 100 30 40
FRED 1629172800.00004 -85.4 30.1 0 51 84 92 26 40
FRED 1629183600.00004 -85.4 30.6 0 45 60 80 20 40
FRED 1629194400.00004 -85.4 31.1 0 40 50 55 10 20
FRED 1629205200.00004 -85.4 31.7 0 35 40 30 0 0
FRED 1629216000.00004 -85.3 32.2 -1 30 -9999 -9999 -9999 -9999
FRED 1629226800.00004 -85.2 32.8 -1 25 -9999 -9999 -9999 -9999
FRED 1629237600.00004 -85.0 33.3 -1 25 -9999 -9999 -9999 -9999
FRED 1629248400.00004 -84.7 34.0 -1 25 -9999 -9999 -9999 -9999
FRED 1629259200.00004 -84.2 34.9 -1 25 -9999 -9999 -9999 -9999
FRED 1629270000.00004 -83.6 35.9 -3 25 -9999 -9999 -9999 -9999
FRED 1629280800.00004 -83.0 36.8 -3 23 -9999 -9999 -9999 -9999
FRED 1629291600.00004 -82.3 37.7 -3 20 -9999 -9999 -9999 -9999
FRED 1629302400.00004 -81.7 38.5 -3 20 -9999 -9999 -9999 -9999
FRED 1629313200.00004 -81.1 39.2 -3 20 -9999 -9999 -9999 -9999
FRED 1629324000.00004 -80.4 39.9 -3 20 -9999 -9999 -9999 -9999
FRED 1629334800.00004 -79.7 40.4 -3 20 -9999 -9999 -9999 -9999
FRED 1629345600.00004 -79.0 40.8 -3 20 -9999 -9999 -9999 -9999
FRED 1629356400.00004 -78.2 41.2 -4 20 -9999 -9999 -9999 -9999
FRED 1629367200.00004 -77.5 41.6 -4 20 -9999 -9999 -9999 -9999
FRED 1629378000.00004 -76.7 41.9 -4 20 -9999 -9999 -9999 -9999
FRED 1629388800.00004 -75.9 42.2 -4 20 -9999 -9999 -9999 -9999
FRED 1629399600.00004 -75.1 42.4 -4 20 -9999 -9999 -9999 -9999
FRED 1629410400.00004 -74.3 42.6 -4 23 -9999 -9999 -9999 -9999
FRED 1629421200.00004 -73.5 42.7 -4 25 -9999 -9999 -9999 -9999
FRED 1629432000.00004 -72.8 42.7 -4 25 -9999 -9999 -9999 -9999
FRED 1629442800.00004 -72.2 42.7 -4 25 -9999 -9999 -9999 -9999
FRED 1629453600.00004 -71.6 42.7 -4 25 -9999 -9999 -9999 -9999
FRED 1629464400.00004 -71.0 42.6 -4 25 -9999 -9999 -9999 -9999
GRACE 1628859600.00004 -46.7 15.0 -1 30 -9999 -9999 -9999 -9999
GRACE 1628870400.00004 -47.7 15.1 -1 30 -9999 -9999 -9999 -9999
GRACE 1628881200.00004 -48.7 15.2 -1 30 -9999 -9999 -9999 -9999
GRACE 1628892000.00004 -49.8 15.3 -1 30 -9999 -9999 -9999 -9999
GRACE 1628902800.00004 -50.8 15.3 -1 30 -9999 -9999 -9999 -9999
GRACE 1628913600.00004 -51.8 15.3 -1 30 -9999 -9999 -9999 -9999
GRACE 1628924400.00004 -52.8 15.4 -1 30 -9999 -9999 -9999 -9999
GRACE 1628935200.00004 -53.8 15.5 -1 30 -9999 -9999 -9999 -9999
GRACE 1628946000.00004 -54.8 15.7 -1 30 -9999 -9999 -9999 -9999
GRACE 1628956800.00004 -56.0 15.9 -1 33 -9999 -9999 -9999 -9999
GRACE 1628967600.00004 -57.2 16.1 0 35 30 0 0 30
GRACE 1628978400.00004 -58.4 16.2 0 35 30 0 0 30
GRACE 1628989200.00004 -59.5 16.2 0 35 30 0 0 30
GRACE 1629000000.00004 -60.6 16.3 -1 33 -9999 -9999 -9999 -9999
GRACE 1629010800.00004 -61.7 16.5 -1 30 -9999 -9999 -9999 -9999
GRACE 1629021600.00004 -62.7 16.6 -1 30 -9999 -9999 -9999 -9999
GRACE 1629032400.00004 -63.7 16.7 -1 30 -9999 -9999 -9999 -9999
GRACE 1629043200.00004 -64.6 16.8 -1 30 -9999 -9999 -9999 -9999
GRACE 1629054000.00004 -65.4 16.9 -1 30 -9999 -9999 -9999 -9999
GRACE 1629064800.00004 -66.1 17.0 -1 30 -9999 -9999 -9999 -9999
GRACE 1629075600.00004 -66.7 17.0 -1 30 -9999 -9999 -9999 -9999
GRACE 1629086400.00004 -67.4 17.0 -1 30 -9999 -9999 -9999 -9999
GRACE 1629097200.00004 -68.1 17.1 -1 30 -9999 -9999 -9999 -9999
GRACE 1629108000.00004 -68.9 17.1 -1 30 -9999 -9999 -9999 -9999
GRACE 1629118800.00004 -69.6 17.2 -1 30 -9999 -9999 -9999 -9999
GRACE 1629129600.00004 -70.3 17.3 -1 33 -9999 -9999 -9999 -9999
GRACE 1629140400.00004 -70.8 17.5 0 35 30 20 0 0
GRACE 1629151200.00004 -71.2 17.6 0 35 37 20 0 0
GRACE 1629156600.00004 -71.4 17.7 0 35 40 20 0 0
GRACE 1629162000.00004 -71.7 17.8 0 35 40 20 0 0
GRACE 1629172800.00004 -72.4 17.9 0 35 35 20 0 0
GRACE 1629183600.00004 -73.2 17.9 0 35 30 20 0 0
GRACE 1629194400.00004 -74.0 17.9 0 38 30 25 0 10
GRACE 1629205200.00004 -74.8 18.0 0 40 30 30 0 20
GRACE 1629216000.00004 -75.4 18.1 0 43 45 45 0 30
GRACE 1629226800.00004 -76.1 18.2 0 45 60 60 0 40
GRACE 1629234000.000054 -76.6 18.2 0 50 60 60 0 40
GRACE 1629237600.00004 -76.8 18.2 0 50 65 62 0 40
GRACE 1629248400.00004 -77.4 18.3 0 50 80 70 0 40
GRACE 1629259200.00004 -78.0 18.3 0 50 90 75 0 50
GRACE 1629270000.00004 -78.6 18.3 0 50 100 80 0 60
GRACE 1629280800.00004 -79.3 18.5 0 53 110 85 0 60
GRACE 1629291600.00004 -80.1 18.7 0 55 120 90 0 60
GRACE 1629302400.00004 -80.8 18.9 0 60 120 90 10 70
GRACE 1629313200.00004 -81.5 19.2 1 65 120 90 20 80
GRACE 1629324000.00004 -82.2 19.4 1 68 120 90 30 80
GRACE 1629334800.00004 -83.0 19.6 1 70 120 90 40 80
GRACE 1629345600.00004 -83.9 19.7 1 70 130 95 45 80
GRACE 1629356400.00004 -84.8 19.7 1 70 140 100 50 80
GRACE 1629367200.00004 -85.6 19.8 1 70 140 100 55 80
GRACE 1629378000.00004 -86.4 19.9 1 70 140 100 60 80
GRACE 1629388800.00004 -87.3 20.1 1 74 140 100 60 80
GRACE 1629391500.00004 -87.5 20.1 1 75 140 100 60 80
GRACE 1629399600.00004 -88.1 20.2 0 60 140 80 30 100
GRACE 1629410400.00004 -88.8 20.3 0 53 140 65 15 115
GRACE 1629421200.00004 -89.5 20.5 0 45 140 50 0 130
GRACE 1629432000.00004 -90.3 20.7 0 50 135 55 20 120
GRACE 1629442800.00004 -91.1 20.8 0 55 130 60 40 110
GRACE 1629453600.00004 -91.9 20.8 0 58 140 70 50 105
GRACE 1629464400.00004 -92.6 20.7 0 60 150 80 60 100
GRACE 1629475200.00004 -93.2 20.6 1 68 150 85 70 100
GRACE 1629486000.00004 -93.8 20.6 1 75 150 90 80 100
GRACE 1629496800.00004 -94.3 20.6 1 80 150 90 80 100
GRACE 1629507600.00004 -94.7 20.6 2 85 150 90 80 100
GRACE 1629518400.00004 -95.2 20.7 2 95 135 95 75 100
GRACE 1629529200.00004 -95.8 20.7 3 105 120 100 70 100
GRACE 1629540000.00004 -96.5 20.6 3 105 115 105 70 100
GRACE 1629549000.000067 -97.1 20.6 3 105 110 110 70 100
GRACE 1629550800.00004 -97.2 20.6 3 100 100 110 60 100
GRACE 1629561600.00004 -97.7 20.5 1 80 90 90 40 75
GRACE 1629572400.00004 -98.0 20.2 0 60 80 70 20 50
HENRI 1629010800.00004 -63.4 35.8 -3 25 -9999 -9999 -9999 -9999
HENRI 1629021600.00004 -63.3 35.6 -3 25 -9999 -9999 -9999 -9999
HENRI 1629032400.00004 -63.1 35.4 -3 25 -9999 -9999 -9999 -9999
HENRI 1629043200.00004 -62.9 35.1 -3 25 -9999 -9999 -9999 -9999
HENRI 1629054000.00004 -62.8 34.8 -3 25 -9999 -9999 -9999 -9999
HENRI 1629064800.00004 -62.7 34.5 -3 25 -9999 -9999 -9999 -9999
HENRI 1629075600.00004 -62.7 34.1 -1 25 -9999 -9999 -9999 -9999
HENRI 1629086400.00004 -62.7 33.8 -1 28 -9999 -9999 -9999 -9999
HENRI 1629097200.00004 -62.7 33.4 -1 30 -9999 -9999 -9999 -9999
HENRI 1629108000.00004 -62.7 33.0 -1 30 -9999 -9999 -9999 -9999
HENRI 1629118800.00004 -62.7 32.5 -1 30 -9999 -9999 -9999 -9999
HENRI 1629129600.00004 -62.7 32.0 -1 30 -9999 -9999 -9999 -9999
HENRI 1629140400.00004 -62.7 31.6 -1 30 -9999 -9999 -9999 -9999
HENRI 1629151200.00004 -62.8 31.3 -1 33 -9999 -9999 -9999 -9999
HENRI 1629162000.00004 -62.9 31.1 0 35 20 30 20 0
HENRI 1629172800.00004 -63.0 30.9 0 38 20 30 20 0
HENRI 1629183600.00004 -63.1 30.8 0 40 20 30 20 0
HENRI 1629194400.00004 -63.2 30.7 0 43 25 30 20 0
HENRI 1629205200.00004 -63.3 30.6 0 45 30 30 20 0
HENRI 1629216000.00004 -63.4 30.5 0 45 30 30 20 0
HENRI 1629226800.00004 -63.6 30.4 0 45 30 30 20 0
HENRI 1629237600.00004 -63.7 30.3 0 50 40 45 20 20
HENRI 1629248400.00004 -63.9 30.3 0 55 50 60 20 40
HENRI 1629259200.00004 -64.2 30.2 0 55 50 65 20 45
HENRI 1629270000.00004 -64.5 30.2 0 55 50 70 20 50
HENRI 1629280800.00004 -64.9 30.1 0 55 50 70 20 50
HENRI 1629291600.00004 -65.3 30.1 0 55 50 70 20 50
HENRI 1629302400.00004 -65.7 30.0 0 55 50 70 20 50
HENRI 1629313200.00004 -66.2 30.0 0 55 50 70 20 50
HENRI 1629324000.00004 -66.6 30.0 0 58 50 70 30 50
HENRI 1629334800.00004 -67.1 29.9 0 60 50 70 40 50
HENRI 1629345600.00004 -67.5 29.8 0 60 60 70 40 60
HENRI 1629356400.00004 -68.0 29.7 0 60 70 70 40 70
HENRI 1629367200.00004 -68.5 29.6 0 60 70 70 40 70
HENRI 1629378000.00004 -69.0 29.5 0 60 70 70 40 70
HENRI 1629388800.00004 -69.5 29.5 0 60 70 70 40 70
HENRI 1629399600.00004 -70.0 29.5 0 60 70 70 40 70
HENRI 1629410400.00004 -70.5 29.5 0 58 75 70 40 70
HENRI 1629421200.00004 -71.0 29.6 0 55 80 70 40 70
HENRI 1629432000.00004 -71.5 29.6 0 55 80 70 40 70
HENRI 1629442800.00004 -72.0 29.7 0 55 80 70 40 70
HENRI 1629453600.00004 -72.5 29.8 0 55 80 70 40 70
HENRI 1629464400.00004 -72.9 29.9 0 55 80 70 40 70
HENRI 1629475200.00004 -73.3 30.0 0 55 85 85 45 70
HENRI 1629486000.00004 -73.6 30.1 0 55 90 100 50 70
HENRI 1629496800.00004 -73.8 30.4 0 58 90 100 50 70
HENRI 1629507600.00004 -73.8 30.8 0 60 90 100 50 70
HENRI 1629518400.00004 -73.8 31.2 0 60 90 100 50 70
HENRI 1629529200.00004 -73.7 31.6 0 60 90 100 50 70
HENRI 1629540000.00004 -73.6 32.0 0 60 90 100 50 70
HENRI 1629550800.00004 -73.4 32.5 0 60 90 100 50 70
HENRI 1629561600.00004 -73.1 33.0 0 63 95 115 75 60
HENRI 1629572400.00004 -72.7 33.6 1 65 100 130 100 50
HENRI 1629583200.00004 -72.3 34.4 1 65 100 130 100 50
HENRI 1629594000.00004 -71.8 35.4 1 65 100 130 100 50
HENRI 1629604800.00004 -71.3 36.5 1 65 100 130 100 50
HENRI 1629615600.00004 -70.9 37.6 1 65 100 130 100 50
HENRI 1629626400.00004 -70.9 38.6 1 65 90 120 90 50
HENRI 1629637200.00004 -71.0 39.4 1 65 80 110 80 50
HENRI 1629648000.00004 -71.1 40.1 0 60 80 100 70 50
HENRI 1629658800.00004 -71.3 40.7 0 55 80 90 60 50
HENRI 1629669600.00004 -71.5 41.2 0 55 53 63 42 41
HENRI 1629670800.000049 -71.6 41.2 0 55 50 60 40 40
HENRI 1629674100.000054 -71.8 41.3 0 55 50 60 40 40
HENRI 1629680400.00004 -72.0 41.5 0 40 30 40 30 20
HENRI 1629691200.00004 -72.4 41.7 0 35 15 20 15 10
HENRI 1629702000.00004 -73.0 41.8 -1 30 -9999 -9999 -9999 -9999
HENRI 1629712800.00004 -73.8 41.8 -1 28 -9999 -9999 -9999 -9999
HENRI 1629723600.00004 -74.4 41.7 -1 25 -9999 -9999 -9999 -9999
HENRI 1629734400.00004 -74.4 41.6 -1 25 -9999 -9999 -9999 -9999
HENRI 1629745200.00004 -74.2 41.6 -1 25 -9999 -9999 -9999 -9999
HENRI 1629756000.00004 -74.1 41.5 -1 25 -9999 -9999 -9999 -9999
HENRI 1629766800.00004 -73.8 41.5 -3 25 -9999 -9999 -9999 -9999
HENRI 1629777600.00004 -73.3 41.4 -3 23 -9999 -9999 -9999 -9999
HENRI 1629788400.00004 -72.7 41.4 -3 20 -9999 -9999 -9999 -9999
HENRI 1629799200.00004 -72.0 41.6 -3 20 -9999 -9999 -9999 -9999
HENRI 1629810000.00004 -71.2 41.9 -3 20 -9999 -9999 -9999 -9999
HENRI 1629820800.00004 -70.5 42.1 -3 20 -9999 -9999 -9999 -9999
HENRI 1629831600.00004 -69.6 42.2 -3 20 -9999 -9999 -9999 -9999
HENRI 1629842400.00004 -68.5 42.3 -3 23 -9999 -9999 -9999 -9999
HENRI 1629853200.00004 -67.3 42.3 -3 25 -9999 -9999 -9999 -9999
IDA 1630004400.00004 -78.9 16.5 -1 30 -9999 -9999 -9999 -9999
IDA 1630015200.00004 -79.2 17.0 -1 33 -9999 -9999 -9999 -9999
IDA 1630026000.00004 -79.5 17.4 0 35 60 0 0 0
IDA 1630036800.00004 -79.8 17.8 0 38 60 0 0 0
IDA 1630047600.00004 -80.2 18.3 0 40 60 0 0 0
IDA 1630058400.00004 -80.5 18.8 0 43 65 0 0 0
IDA 1630069200.00004 -80.9 19.4 0 45 70 0 0 0
IDA 1630080000.00004 -81.3 19.9 0 50 75 30 0 30
IDA 1630090800.00004 -81.7 20.4 0 55 80 60 0 60
IDA 1630101600.00004 -82.2 21.0 0 63 80 60 20 60
IDA 1630112400.00004 -82.6 21.5 1 70 80 60 40 60
IDA 1630123200.00004 -82.6 21.9 1 70 80 60 40 60
IDA 1630131900.000045 -83.2 22.4 1 70 80 60 40 60
IDA 1630134000.00004 -83.5 22.6 1 70 100 60 40 70
IDA 1630144800.00004 -84.4 23.2 1 70 100 60 40 70
IDA 1630155600.00004 -84.7 23.5 1 70 100 60 40 70
IDA 1630166400.00004 -85.2 23.9 1 70 105 70 50 85
IDA 1630177200.00004 -85.7 24.4 1 70 110 80 60 100
IDA 1630188000.00004 -86.2 25.0 1 75 110 90 65 100
IDA 1630198800.00004 -86.6 25.6 1 80 110 100 70 100
IDA 1630209600.00004 -87.1 26.2 2 85 115 100 75 105
IDA 1630220400.00004 -87.6 26.7 2 90 120 100 80 110
IDA 1630231200.00004 -88.2 27.2 3 103 120 100 80 110
IDA 1630242000.00004 -88.7 27.6 4 115 120 100 80 110
IDA 1630252800.00004 -89.2 28.1 4 123 125 105 80 110
IDA 1630263600.00004 -89.6 28.5 4 130 130 110 80 110
IDA 1630274400.00004 -89.9 28.9 4 130 130 110 80 110
IDA 1630281300.000031 -90.2 29.1 4 130 130 110 80 110
IDA 1630285200.00004 -90.4 29.2 4 125 130 120 80 80
IDA 1630296000.00004 -90.6 29.5 4 115 105 120 80 75
IDA 1630306800.00004 -90.6 29.9 3 105 80 120 80 70
IDA 1630317600.00004 -90.7 30.2 2 85 80 125 80 55
IDA 1630328400.00004 -90.8 30.6 1 65 80 130 80 40
IDA 1630339200.00004 -90.9 31.0 0 53 65 145 70 35
IDA 1630350000.00004 -90.9 31.5 0 40 50 160 60 30
IDA 1630360800.00004 -90.7 31.9 0 38 25 160 30 15
IDA 1630371600.00004 -90.5 32.2 0 35 0 160 0 0
IDA 1630382400.00004 -90.3 32.6 -1 33 -9999 -9999 -9999 -9999
IDA 1630393200.00004 -90.0 33.0 -1 30 -9999 -9999 -9999 -9999
IDA 1630404000.00004 -89.7 33.4 -1 28 -9999 -9999 -9999 -9999
IDA 1630414800.00004 -89.4 33.8 -1 25 -9999 -9999 -9999 -9999
IDA 1630425600.00004 -89.0 34.1 -1 25 -9999 -9999 -9999 -9999
IDA 1630436400.00004 -88.4 34.4 -1 25 -9999 -9999 -9999 -9999
IDA 1630447200.00004 -87.8 34.7 -1 23 -9999 -9999 -9999 -9999
IDA 1630458000.00004 -87.1 35.1 -1 20 -9999 -9999 -9999 -9999
IDA 1630468800.00004 -86.3 35.4 -1 20 -9999 -9999 -9999 -9999
IDA 1630479600.00004 -85.5 35.8 -1 20 -9999 -9999 -9999 -9999
IDA 1630490400.00004 -84.6 36.2 -1 20 -9999 -9999 -9999 -9999
IDA 1630501200.00004 -83.6 36.7 -1 20 -9999 -9999 -9999 -9999
IDA 1630512000.00004 -82.6 37.2 -1 23 -9999 -9999 -9999 -9999
IDA 1630522800.00004 -81.5 37.7 -4 25 -9999 -9999 -9999 -9999
IDA 1630533600.00004 -80.1 38.4 -4 28 -9999 -9999 -9999 -9999
IDA 1630544400.00004 -78.5 39.0 -4 30 -9999 -9999 -9999 -9999
IDA 1630555200.00004 -77.0 39.4 -4 33 -9999 -9999 -9999 -9999
IDA 1630566000.00004 -75.6 39.8 -4 35 0 150 0 0
IDA 1630576800.00004 -74.2 40.2 -4 38 0 150 75 0
IDA 1630587600.00004 -72.8 40.6 -4 40 0 150 150 0
IDA 1630598400.00004 -71.2 40.9 -4 40 90 150 75 0
IDA 1630609200.00004 -69.7 41.4 -4 40 180 150 0 0
IDA 1630620000.00004 -68.4 42.2 -4 40 90 150 0 0
IDA 1630630800.00004 -67.2 43.3 -4 40 0 150 0 0
IDA 1630641600.00004 -65.9 44.4 -4 40 75 150 0 0
IDA 1630652400.00004 -64.7 45.4 -4 40 150 150 0 0
IDA 1630663200.00004 -64.0 46.1 -4 43 150 150 30 75
IDA 1630674000.00004 -63.6 46.6 -4 45 150 150 60 150
IDA 1630684800.00004 -63.1 47.1 -4 45 135 150 75 120
IDA 1630695600.00004 -62.7 47.5 -4 45 120 150 90 90
IDA 1630706400.00004 -62.4 48.1 -4 45 185 150 105 105
IDA 1630717200.00004 -62.4 48.6 -4 45 250 150 120 120
IDA 1630728000.00004 -62.7 48.8 -4 45 215 120 105 120
IDA 1630738800.00004 -63.1 48.8 -4 45 180 90 90 120
IDA 1630749600.00004 -63.6 48.8 -4 43 150 45 45 120
IDA 1630760400.00004 -63.9 48.7 -4 40 120 0 0 120
IDA 1630771200.00004 -64.0 48.2 -4 38 120 0 0 120
IDA 1630782000.00004 -63.9 47.6 -4 35 120 0 0 120
IDA 1630792800.00004 -63.7 47.1 -4 33 -9999 -9999 -9999 -9999
IDA 1630803600.00004 -63.5 46.6 -4 30 -9999 -9999 -9999 -9999
KATE 1630090800.00004 -47.3 13.1 -3 25 -9999 -9999 -9999 -9999
KATE 1630101600.00004 -47.8 13.2 -3 25 -9999 -9999 -9999 -9999
KATE 1630112400.00004 -48.4 13.3 -3 25 -9999 -9999 -9999 -9999
KATE 1630123200.00004 -49.0 13.4 -3 25 -9999 -9999 -9999 -9999
KATE 1630134000.00004 -49.5 13.5 -3 25 -9999 -9999 -9999 -9999
KATE 1630144800.00004 -49.7 13.6 -3 28 -9999 -9999 -9999 -9999
KATE 1630155600.00004 -49.8 13.7 -1 30 -9999 -9999 -9999 -9999
KATE 1630166400.00004 -49.9 14.1 -1 30 -9999 -9999 -9999 -9999
KATE 1630177200.00004 -50.0 14.5 -1 30 -9999 -9999 -9999 -9999
KATE 1630188000.00004 -50.0 14.8 -1 30 -9999 -9999 -9999 -9999
KATE 1630198800.00004 -50.0 15.2 -1 30 -9999 -9999 -9999 -9999
KATE 1630209600.00004 -49.9 15.7 -1 30 -9999 -9999 -9999 -9999
KATE 1630220400.00004 -49.9 16.2 -1 30 -9999 -9999 -9999 -9999
KATE 1630231200.00004 -49.9 16.7 -1 30 -9999 -9999 -9999 -9999
KATE 1630242000.00004 -50.0 17.3 -1 30 -9999 -9999 -9999 -9999
KATE 1630252800.00004 -50.1 17.9 -1 30 -9999 -9999 -9999 -9999
KATE 1630263600.00004 -50.2 18.4 -1 30 -9999 -9999 -9999 -9999
KATE 1630274400.00004 -50.3 18.8 -1 30 -9999 -9999 -9999 -9999
KATE 1630285200.00004 -50.3 19.2 -1 30 -9999 -9999 -9999 -9999
KATE 1630296000.00004 -50.4 19.5 -1 30 -9999 -9999 -9999 -9999
KATE 1630306800.00004 -50.5 19.8 -1 30 -9999 -9999 -9999 -9999
KATE 1630317600.00004 -50.6 20.1 -1 33 -9999 -9999 -9999 -9999
KATE 1630328400.00004 -50.6 20.5 0 35 30 30 0 0
KATE 1630339200.00004 -50.7 20.9 0 38 35 35 0 0
KATE 1630350000.00004 -50.8 21.3 0 40 40 40 0 0
KATE 1630360800.00004 -50.9 21.7 0 38 40 40 0 0
KATE 1630371600.00004 -50.9 22.1 0 35 40 40 0 0
KATE 1630382400.00004 -50.9 22.4 0 35 40 40 0 0
KATE 1630393200.00004 -50.9 22.6 0 35 40 40 0 0
KATE 1630404000.00004 -50.9 22.7 0 35 40 40 0 0
KATE 1630414800.00004 -50.9 22.8 0 35 40 40 0 0
KATE 1630425600.00004 -50.9 23.0 -1 33 -9999 -9999 -9999 -9999
KATE 1630436400.00004 -50.9 23.2 -1 30 -9999 -9999 -9999 -9999
KATE 1630447200.00004 -50.9 23.5 -1 30 -9999 -9999 -9999 -9999
KATE 1630458000.00004 -50.9 23.9 -1 30 -9999 -9999 -9999 -9999
KATE 1630468800.00004 -51.0 24.3 -1 30 -9999 -9999 -9999 -9999
KATE 1630479600.00004 -51.2 24.6 -1 30 -9999 -9999 -9999 -9999
KATE 1630490400.00004 -51.3 24.9 -1 30 -9999 -9999 -9999 -9999
KATE 1630501200.00004 -51.5 25.3 -1 30 -9999 -9999 -9999 -9999
KATE 1630512000.00004 -51.8 25.9 -1 30 -9999 -9999 -9999 -9999
KATE 1630522800.00004 -52.3 26.6 -1 30 -9999 -9999 -9999 -9999
JULIAN 1630177200.00004 -51.7 32.1 -3 25 -9999 -9999 -9999 -9999
JULIAN 1630188000.00004 -51.4 32.1 -3 28 -9999 -9999 -9999 -9999
JULIAN 1630198800.00004 -51.0 32.2 -1 30 -9999 -9999 -9999 -9999
JULIAN 1630209600.00004 -50.6 32.3 -1 30 -9999 -9999 -9999 -9999
JULIAN 1630220400.00004 -50.1 32.6 -1 30 -9999 -9999 -9999 -9999
JULIAN 1630231200.00004 -49.7 33.0 -1 33 -9999 -9999 -9999 -9999
JULIAN 1630242000.00004 -49.3 33.5 0 35 0 60 0 0
JULIAN 1630252800.00004 -48.6 34.0 0 40 15 65 20 0
JULIAN 1630263600.00004 -47.8 34.5 0 45 30 70 40 0
JULIAN 1630274400.00004 -46.9 35.2 0 48 45 75 40 0
JULIAN 1630285200.00004 -45.7 35.9 0 50 60 80 40 0
JULIAN 1630296000.00004 -44.2 36.5 0 50 60 80 40 15
JULIAN 1630306800.00004 -42.6 37.1 0 50 60 80 40 30
JULIAN 1630317600.00004 -41.2 38.0 0 50 70 90 45 30
JULIAN 1630328400.00004 -40.0 38.9 0 50 80 100 50 30
JULIAN 1630339200.00004 -38.9 39.7 0 50 85 100 50 25
JULIAN 1630350000.00004 -37.9 40.6 -4 50 90 100 50 20
JULIAN 1630360800.00004 -36.9 41.5 -4 48 90 100 50 20
JULIAN 1630371600.00004 -36.0 42.5 -4 45 90 100 50 20
JULIAN 1630382400.00004 -35.4 43.6 -4 45 95 100 40 10
JULIAN 1630393200.00004 -35.1 44.8 -4 45 100 100 30 0
JULIAN 1630404000.00004 -34.7 46.1 -4 45 125 110 15 0
JULIAN 1630414800.00004 -34.5 47.5 -4 45 150 120 0 0
JULIAN 1630425600.00004 -34.8 49.0 -4 45 165 135 0 0
JULIAN 1630436400.00004 -35.5 50.5 -4 45 180 150 0 0
LARRY 1630458000.00004 -20.6 11.5 -1 30 -9999 -9999 -9999 -9999
LARRY 1630468800.00004 -21.5 11.7 -1 33 -9999 -9999 -9999 -9999
LARRY 1630479600.00004 -22.5 11.9 0 35 30 30 0 30
LARRY 1630490400.00004 -23.5 12.1 0 38 35 35 20 30
LARRY 1630501200.00004 -24.5 12.2 0 40 40 40 40 30
LARRY 1630512000.00004 -25.5 12.3 0 43 45 45 40 35
LARRY 1630522800.00004 -26.5 12.4 0 45 50 50 40 40
LARRY 1630533600.00004 -27.5 12.4 0 50 55 50 40 50
LARRY 1630544400.00004 -28.4 12.5 0 55 60 50 40 60
LARRY 1630555200.00004 -29.2 12.6 0 58 60 50 40 60
LARRY 1630566000.00004 -30.0 12.7 0 60 60 50 40 60
LARRY 1630576800.00004 -30.8 12.8 0 63 70 65 45 70
LARRY 1630587600.00004 -31.6 13.0 1 65 80 80 50 80
LARRY 1630598400.00004 -32.4 13.1 1 68 90 90 50 90
LARRY 1630609200.00004 -33.3 13.3 1 70 100 100 50 100
LARRY 1630620000.00004 -34.2 13.4 1 70 105 100 50 100
LARRY 1630630800.00004 -35.0 13.6 1 70 110 100 50 100
LARRY 1630641600.00004 -35.9 13.8 1 73 120 100 50 110
LARRY 1630652400.00004 -36.7 13.9 1 75 130 100 50 120
LARRY 1630663200.00004 -37.6 14.0 1 78 130 100 50 120
LARRY 1630674000.00004 -38.4 14.1 1 80 130 100 50 120
LARRY 1630684800.00004 -39.2 14.2 1 80 130 105 55 120
LARRY 1630695600.00004 -40.0 14.4 1 80 130 110 60 120
LARRY 1630706400.00004 -40.7 14.5 2 85 130 110 60 120
LARRY 1630717200.00004 -41.4 14.7 2 90 130 110 60 120
LARRY 1630728000.00004 -42.1 14.9 2 95 130 110 65 120
LARRY 1630738800.00004 -42.7 15.2 3 100 130 110 70 120
LARRY 1630749600.00004 -43.4 15.5 3 105 130 110 70 120
LARRY 1630760400.00004 -44.0 15.8 3 110 130 110 70 120
LARRY 1630771200.00004 -44.7 16.1 3 110 130 110 75 120
LARRY 1630782000.00004 -45.3 16.4 3 110 130 110 80 120
LARRY 1630792800.00004 -45.9 16.7 3 108 135 115 80 125
LARRY 1630803600.00004 -46.5 17.0 3 105 140 120 80 130
LARRY 1630814400.00004 -47.0 17.3 3 105 140 125 80 130
LARRY 1630825200.00004 -47.5 17.7 3 105 140 130 80 130
LARRY 1630836000.00004 -48.0 18.0 3 105 140 135 80 130
LARRY 1630846800.00004 -48.5 18.4 3 105 140 140 80 130
LARRY 1630857600.00004 -49.0 18.8 3 108 145 145 80 130
LARRY 1630868400.00004 -49.4 19.2 3 110 150 150 80 130
LARRY 1630879200.00004 -49.9 19.6 3 110 150 150 80 135
LARRY 1630890000.00004 -50.3 20.0 3 110 150 150 80 140
LARRY 1630900800.00004 -50.8 20.4 3 110 150 150 85 140
LARRY 1630911600.00004 -51.2 20.7 3 110 150 150 90 140
LARRY 1630922400.00004 -51.6 21.0 3 108 150 150 95 140
LARRY 1630933200.00004 -52.0 21.2 3 105 150 150 100 140
LARRY 1630944000.00004 -52.4 21.4 3 105 155 150 105 140
LARRY 1630954800.00004 -52.7 21.6 3 105 160 150 110 140
LARRY 1630965600.00004 -53.1 21.8 3 105 160 150 110 140
LARRY 1630976400.00004 -53.5 22.1 3 105 160 150 110 140
LARRY 1630987200.00004 -53.9 22.4 3 105 160 150 110 140
LARRY 1630998000.00004 -54.2 22.7 3 105 160 150 110 140
LARRY 1631008800.00004 -54.5 23.0 3 103 160 155 110 140
LARRY 1631019600.00004 -54.8 23.3 3 100 160 160 110 140
LARRY 1631030400.00004 -55.1 23.6 3 98 160 160 115 140
LARRY 1631041200.00004 -55.4 24.0 2 95 160 160 120 140
LARRY 1631052000.00004 -55.7 24.3 2 95 160 160 120 140
LARRY 1631062800.00004 -56.0 24.7 2 95 160 160 120 140
LARRY 1631073600.00004 -56.3 25.0 2 95 160 160 120 140
LARRY 1631084400.00004 -56.5 25.4 2 95 160 160 120 140
LARRY 1631095200.00004 -56.8 25.8 2 95 165 170 130 140
LARRY 1631106000.00004 -57.1 26.2 2 95 170 180 140 140
LARRY 1631116800.00004 -57.5 26.7 2 93 175 190 140 145
LARRY 1631127600.00004 -57.9 27.2 2 90 180 200 140 150
LARRY 1631138400.00004 -58.4 27.7 2 90 190 200 140 150
LARRY 1631149200.00004 -58.9 28.2 2 90 200 200 140 150
LARRY 1631160000.00004 -59.4 28.6 2 88 200 200 140 145
LARRY 1631170800.00004 -59.9 29.1 2 85 200 200 140 140
LARRY 1631181600.00004 -60.4 29.6 2 83 200 200 140 140
LARRY 1631192400.00004 -60.8 30.1 1 80 200 200 140 140
LARRY 1631203200.00004 -61.2 30.7 1 80 200 200 140 140
LARRY 1631214000.00004 -61.5 31.3 1 80 200 200 140 140
LARRY 1631224800.00004 -61.8 32.0 1 80 200 200 140 140
LARRY 1631235600.00004 -62.1 32.8 1 80 200 200 140 140
LARRY 1631246400.00004 -62.3 33.6 1 80 205 205 140 140
LARRY 1631257200.00004 -62.3 34.4 1 80 210 210 140 140
LARRY 1631268000.00004 -62.3 35.4 1 78 210 210 150 140
LARRY 1631278800.00004 -62.2 36.5 1 75 210 210 160 140
LARRY 1631289600.00004 -61.8 37.6 1 73 215 215 170 130
LARRY 1631300400.00004 -61.1 38.9 1 70 220 220 180 120
LARRY 1631311200.00004 -60.4 40.3 1 70 220 220 180 120
LARRY 1631322000.00004 -59.5 41.9 1 70 220 220 180 120
LARRY 1631332800.00004 -58.2 43.4 1 70 220 220 180 120
LARRY 1631343600.00004 -56.6 45.1 1 70 220 220 180 120
LARRY 1631354400.00004 -54.9 47.0 1 70 220 220 180 120
LARRY 1631356200.000054 -54.6 47.3 1 70 220 220 180 120
LARRY 1631365200.00004 -53.3 48.8 1 65 240 240 180 120
LARRY 1631376000.00004 -51.5 50.7 0 63 240 255 195 135
LARRY 1631386800.00004 -49.7 52.5 -4 60 240 270 210 150
LARRY 1631397600.00004 -48.2 54.0 -4 58 240 270 210 150
LARRY 1631408400.00004 -46.8 55.3 -4 55 240 270 210 150
MINDY 1631149200.00004 -86.8 28.4 0 35 0 30 0 0
MINDY 1631160000.00004 -86.1 29.0 0 40 0 35 0 0
MINDY 1631170800.00004 -85.4 29.5 0 45 0 40 0 0
MINDY 1631175300.000054 -85.1 29.7 0 50 0 40 0 0
MINDY 1631181600.00004 -84.7 30.0 0 44 0 40 0 0
MINDY 1631192400.00004 -83.9 30.5 0 35 0 40 0 0
MINDY 1631203200.00004 -82.9 30.9 -1 33 -9999 -9999 -9999 -9999
MINDY 1631214000.00004 -81.8 31.2 -1 30 -9999 -9999 -9999 -9999
MINDY 1631224800.00004 -80.6 31.5 -1 30 -9999 -9999 -9999 -9999
MINDY 1631235600.00004 -79.4 31.7 -1 30 -9999 -9999 -9999 -9999
MINDY 1631246400.00004 -78.1 31.9 -1 30 -9999 -9999 -9999 -9999
MINDY 1631257200.00004 -76.8 32.1 -3 30 -9999 -9999 -9999 -9999
MINDY 1631268000.00004 -75.4 32.3 -3 30 -9999 -9999 -9999 -9999
MINDY 1631278800.00004 -74.0 32.6 -3 30 -9999 -9999 -9999 -9999
MINDY 1631289600.00004 -72.8 32.9 -3 30 -9999 -9999 -9999 -9999
MINDY 1631300400.00004 -71.8 33.2 -3 30 -9999 -9999 -9999 -9999
MINDY 1631311200.00004 -70.8 33.5 -3 30 -9999 -9999 -9999 -9999
MINDY 1631322000.00004 -69.8 33.7 -3 30 -9999 -9999 -9999 -9999
NICHOLAS 1631473200.00004 -95.2 21.0 0 35 90 0 0 0
NICHOLAS 1631484000.00004 -95.4 21.7 0 35 90 0 0 0
NICHOLAS 1631494800.00004 -95.6 22.4 0 35 90 0 0 0
NICHOLAS 1631505600.00004 -95.8 23.1 0 38 95 0 0 0
NICHOLAS 1631516400.00004 -96.1 23.7 0 40 100 0 0 0
NICHOLAS 1631527200.00004 -96.3 24.3 0 45 100 40 0 0
NICHOLAS 1631538000.00004 -96.5 24.8 0 50 100 80 0 0
NICHOLAS 1631548800.00004 -96.6 25.3 0 50 100 80 0 15
NICHOLAS 1631559600.00004 -96.7 25.9 0 50 100 80 0 30
NICHOLAS 1631570400.00004 -96.7 26.5 0 53 100 90 0 35
NICHOLAS 1631581200.00004 -96.6 27.0 0 55 100 100 0 40
NICHOLAS 1631592000.00004 -96.4 27.5 0 60 100 110 20 45
NICHOLAS 1631602800.00004 -96.2 28.0 1 65 100 120 40 50
NICHOLAS 1631613600.00004 -95.9 28.3 1 65 100 120 40 50
NICHOLAS 1631622600.000067 -95.7 28.7 1 65 100 120 40 50
NICHOLAS 1631624400.00004 -95.7 28.8 1 65 110 140 40 50
NICHOLAS 1631635200.00004 -95.6 29.2 0 58 115 150 20 40
NICHOLAS 1631646000.00004 -95.4 29.3 0 50 120 160 0 30
NICHOLAS 1631656800.00004 -95.2 29.5 0 43 120 160 0 15
NICHOLAS 1631667600.00004 -94.9 29.6 0 35 120 160 0 0
NICHOLAS 1631678400.00004 -94.7 29.7 -1 33 -9999 -9999 -9999 -9999
NICHOLAS 1631689200.00004 -94.4 29.9 -1 30 -9999 -9999 -9999 -9999
NICHOLAS 1631700000.00004 -94.1 30.1 -1 30 -9999 -9999 -9999 -9999
NICHOLAS 1631710800.00004 -93.8 30.2 -1 30 -9999 -9999 -9999 -9999
NICHOLAS 1631721600.00004 -93.5 30.3 -1 28 -9999 -9999 -9999 -9999
NICHOLAS 1631732400.00004 -93.1 30.3 -1 25 -9999 -9999 -9999 -9999
NICHOLAS 1631743200.00004 -92.7 30.3 -1 25 -9999 -9999 -9999 -9999
NICHOLAS 1631754000.00004 -92.4 30.2 -3 25 -9999 -9999 -9999 -9999
NICHOLAS 1631764800.00004 -92.1 30.1 -3 25 -9999 -9999 -9999 -9999
NICHOLAS 1631775600.00004 -91.8 29.9 -3 25 -9999 -9999 -9999 -9999
NICHOLAS 1631786400.00004 -91.6 29.5 -3 23 -9999 -9999 -9999 -9999
NICHOLAS 1631797200.00004 -91.6 29.3 -3 20 -9999 -9999 -9999 -9999
NICHOLAS 1631808000.00004 -91.6 29.4 -3 20 -9999 -9999 -9999 -9999
NICHOLAS 1631818800.00004 -91.7 29.7 -3 20 -9999 -9999 -9999 -9999
NICHOLAS 1631829600.00004 -91.9 29.8 -3 20 -9999 -9999 -9999 -9999
NICHOLAS 1631840400.00004 -92.2 29.9 -3 20 -9999 -9999 -9999 -9999
NICHOLAS 1631851200.00004 -92.4 30.1 -3 18 -9999 -9999 -9999 -9999
NICHOLAS 1631862000.00004 -92.6 30.3 -3 15 -9999 -9999 -9999 -9999
NICHOLAS 1631872800.00004 -92.8 30.5 -3 15 -9999 -9999 -9999 -9999
NICHOLAS 1631883600.00004 -93.0 30.8 -3 15 -9999 -9999 -9999 -9999
ODETTE 1631797200.00004 -74.3 30.4 -3 30 -9999 -9999 -9999 -9999
ODETTE 1631808000.00004 -74.6 30.9 -3 30 -9999 -9999 -9999 -9999
ODETTE 1631818800.00004 -74.8 31.4 -3 30 -9999 -9999 -9999 -9999
ODETTE 1631829600.00004 -75.0 31.9 -3 30 -9999 -9999 -9999 -9999
ODETTE 1631840400.00004 -75.2 32.3 -3 30 -9999 -9999 -9999 -9999
ODETTE 1631851200.00004 -75.3 32.8 -3 30 -9999 -9999 -9999 -9999
ODETTE 1631862000.00004 -75.3 33.3 -3 30 -9999 -9999 -9999 -9999
ODETTE 1631872800.00004 -75.2 33.7 -3 30 -9999 -9999 -9999 -9999
ODETTE 1631883600.00004 -74.9 34.1 -3 30 -9999 -9999 -9999 -9999
ODETTE 1631894400.00004 -74.5 34.5 -3 30 -9999 -9999 -9999 -9999
ODETTE 1631905200.00004 -73.9 35.0 -3 30 -9999 -9999 -9999 -9999
ODETTE 1631916000.00004 -73.3 35.4 -3 33 -9999 -9999 -9999 -9999
ODETTE 1631926800.00004 -72.7 35.9 0 35 140 120 0 60
ODETTE 1631937600.00004 -72.1 36.4 0 38 145 120 0 60
ODETTE 1631948400.00004 -71.4 36.8 0 40 150 120 0 60
ODETTE 1631959200.00004 -70.8 37.2 0 40 160 135 0 60
ODETTE 1631970000.00004 -70.1 37.6 0 40 170 150 0 60
ODETTE 1631980800.00004 -69.3 38.0 0 40 175 165 0 60
ODETTE 1631991600.00004 -68.3 38.3 -4 40 180 180 0 60
ODETTE 1632002400.00004 -67.3 38.5 -4 40 180 180 0 75
ODETTE 1632013200.00004 -66.2 38.7 -4 40 180 180 0 90
ODETTE 1632024000.00004 -65.2 38.9 -4 43 180 195 0 90
ODETTE 1632034800.00004 -64.1 39.2 -4 45 180 210 0 90
ODETTE 1632045600.00004 -63.0 39.5 -4 45 180 225 0 90
ODETTE 1632056400.00004 -61.9 39.9 -4 45 180 240 0 90
ODETTE 1632067200.00004 -60.7 40.4 -4 45 180 240 0 105
ODETTE 1632078000.00004 -59.4 41.1 -4 45 180 240 0 120
ODETTE 1632088800.00004 -58.0 41.9 -4 48 180 225 45 135
ODETTE 1632099600.00004 -56.6 42.7 -4 50 180 210 90 150
ODETTE 1632110400.00004 -55.3 43.5 -4 53 180 200 105 165
ODETTE 1632121200.00004 -54.1 44.1 -4 55 180 190 120 180
ODETTE 1632132000.00004 -52.8 44.7 -4 55 180 190 120 180
ODETTE 1632142800.00004 -51.6 45.0 -4 55 180 190 120 180
ODETTE 1632153600.00004 -50.6 45.0 -4 53 180 190 120 180
ODETTE 1632164400.00004 -49.7 44.7 -4 50 180 190 120 180
ODETTE 1632175200.00004 -48.9 44.5 -4 50 180 190 135 180
ODETTE 1632186000.00004 -48.1 44.2 -4 50 180 190 150 180
ODETTE 1632196800.00004 -47.3 43.8 -4 50 180 190 150 180
ODETTE 1632207600.00004 -46.6 43.2 -4 50 180 190 150 180
ODETTE 1632218400.00004 -46.0 42.5 -4 50 180 185 150 180
ODETTE 1632229200.00004 -45.4 41.8 -4 50 180 180 150 180
ODETTE 1632240000.00004 -44.7 41.0 -4 48 180 180 150 180
ODETTE 1632250800.00004 -43.8 40.4 -4 45 180 180 150 180
ODETTE 1632261600.00004 -42.9 40.0 -4 45 180 165 150 195
ODETTE 1632272400.00004 -41.9 39.9 -4 45 180 150 150 210
ODETTE 1632283200.00004 -40.9 39.9 -4 45 180 150 150 210
ODETTE 1632294000.00004 -40.1 40.2 -4 45 180 150 150 210
ODETTE 1632304800.00004 -39.8 40.7 -4 45 165 150 150 210
ODETTE 1632315600.00004 -39.9 41.3 -4 45 150 150 150 210
ODETTE 1632326400.00004 -40.0 41.8 -4 45 135 150 150 195
ODETTE 1632337200.00004 -40.2 42.4 -4 45 120 150 150 180
ODETTE 1632348000.00004 -40.5 43.0 -4 43 105 135 135 165
ODETTE 1632358800.00004 -40.8 43.5 -4 40 90 120 120 150
ODETTE 1632369600.00004 -41.0 43.9 -4 40 90 105 105 135
ODETTE 1632380400.00004 -41.2 44.1 -4 40 90 90 90 120
ODETTE 1632391200.00004 -41.5 44.2 -4 40 90 90 90 120
ODETTE 1632402000.00004 -41.8 44.2 -4 40 90 90 90 120
ODETTE 1632412800.00004 -42.2 44.2 -4 40 85 85 90 120
ODETTE 1632423600.00004 -42.4 44.1 -4 40 80 80 90 120
ODETTE 1632434400.00004 -42.3 43.9 -4 38 75 70 80 105
ODETTE 1632445200.00004 -42.0 43.8 -4 35 70 60 70 90
ODETTE 1632456000.00004 -41.7 43.9 -4 35 60 55 70 45
ODETTE 1632466800.00004 -41.4 44.1 -4 35 50 50 70 0
ODETTE 1632477600.00004 -41.2 44.2 -4 35 50 50 70 0
ODETTE 1632488400.00004 -41.0 44.1 -4 35 50 50 70 0
ODETTE 1632499200.00004 -40.8 43.9 -4 35 50 50 70 0
ODETTE 1632510000.00004 -40.5 43.6 -4 35 50 50 70 0
ODETTE 1632520800.00004 -40.3 43.2 -4 35 50 50 70 0
ODETTE 1632531600.00004 -40.0 42.7 -3 35 50 50 70 0
ODETTE 1632542400.00004 -39.7 42.2 -3 35 25 25 70 45
ODETTE 1632553200.00004 -39.4 41.6 -3 35 0 0 70 90
ODETTE 1632564000.00004 -39.1 41.0 -3 35 0 0 70 90
ODETTE 1632574800.00004 -38.7 40.3 -3 35 0 0 70 90
ODETTE 1632585600.00004 -38.3 39.6 -3 35 0 0 35 90
ODETTE 1632596400.00004 -38.0 38.9 -3 35 0 0 0 90
ODETTE 1632607200.00004 -38.0 38.1 -3 35 0 0 0 90
ODETTE 1632618000.00004 -38.1 37.3 -3 35 0 0 0 90
ODETTE 1632628800.00004 -38.3 36.5 -3 35 0 0 0 90
ODETTE 1632639600.00004 -38.6 35.8 -3 35 0 0 0 90
ODETTE 1632650400.00004 -39.0 35.1 -3 33 -9999 -9999 -9999 -9999
ODETTE 1632661200.00004 -39.5 34.4 -3 30 -9999 -9999 -9999 -9999
ODETTE 1632672000.00004 -40.0 33.6 -3 30 -9999 -9999 -9999 -9999
ODETTE 1632682800.00004 -40.5 32.9 -3 30 -9999 -9999 -9999 -9999
ODETTE 1632693600.00004 -41.0 32.2 -3 30 -9999 -9999 -9999 -9999
ODETTE 1632704400.00004 -41.4 31.5 -3 30 -9999 -9999 -9999 -9999
ROSE 1632034800.00004 -27.4 10.4 -1 30 -9999 -9999 -9999 -9999
ROSE 1632045600.00004 -27.6 10.8 -1 30 -9999 -9999 -9999 -9999
ROSE 1632056400.00004 -27.8 11.3 -1 30 -9999 -9999 -9999 -9999
ROSE 1632067200.00004 -28.1 11.9 -1 30 -9999 -9999 -9999 -9999
ROSE 1632078000.00004 -28.4 12.6 -1 30 -9999 -9999 -9999 -9999
ROSE 1632088800.00004 -28.9 13.2 -1 33 -9999 -9999 -9999 -9999
ROSE 1632099600.00004 -29.4 13.8 0 35 30 30 0 0
ROSE 1632110400.00004 -30.0 14.3 0 35 30 30 0 0
ROSE 1632121200.00004 -30.6 14.7 0 35 30 30 0 0
ROSE 1632132000.00004 -31.2 15.1 0 35 30 30 15 0
ROSE 1632142800.00004 -31.8 15.6 0 35 30 30 30 0
ROSE 1632153600.00004 -32.4 16.1 0 35 30 30 30 0
ROSE 1632164400.00004 -32.9 16.7 0 35 30 30 30 0
ROSE 1632175200.00004 -33.5 17.2 0 38 45 45 35 0
ROSE 1632186000.00004 -34.1 17.7 0 40 60 60 40 0
ROSE 1632196800.00004 -34.7 18.2 0 45 70 70 40 0
ROSE 1632207600.00004 -35.3 18.8 0 50 80 80 40 0
ROSE 1632218400.00004 -35.7 19.4 0 45 80 80 40 0
ROSE 1632229200.00004 -36.1 20.0 0 40 80 80 40 0
ROSE 1632240000.00004 -36.4 20.6 0 38 80 80 20 0
ROSE 1632250800.00004 -36.7 21.1 0 35 80 80 0 0
ROSE 1632261600.00004 -37.0 21.6 0 35 80 80 0 0
ROSE 1632272400.00004 -37.3 22.1 0 35 80 80 0 0
ROSE 1632283200.00004 -37.5 22.4 0 35 85 85 0 0
ROSE 1632294000.00004 -37.7 22.7 0 35 90 90 0 0
ROSE 1632304800.00004 -37.9 22.9 -1 33 -9999 -9999 -9999 -9999
ROSE 1632315600.00004 -38.1 23.1 -1 30 -9999 -9999 -9999 -9999
ROSE 1632326400.00004 -38.4 23.2 -1 30 -9999 -9999 -9999 -9999
ROSE 1632337200.00004 -38.8 23.4 -3 30 -9999 -9999 -9999 -9999
ROSE 1632348000.00004 -39.2 23.6 -3 30 -9999 -9999 -9999 -9999
ROSE 1632358800.00004 -39.7 23.8 -3 30 -9999 -9999 -9999 -9999
ROSE 1632369600.00004 -40.2 24.0 -3 30 -9999 -9999 -9999 -9999
ROSE 1632380400.00004 -40.6 24.2 -3 30 -9999 -9999 -9999 -9999
ROSE 1632391200.00004 -41.0 24.6 -3 30 -9999 -9999 -9999 -9999
ROSE 1632402000.00004 -41.4 25.0 -3 30 -9999 -9999 -9999 -9999
ROSE 1632412800.00004 -41.7 25.5 -3 28 -9999 -9999 -9999 -9999
ROSE 1632423600.00004 -41.9 26.0 -3 25 -9999 -9999 -9999 -9999
ROSE 1632434400.00004 -42.0 26.5 -3 25 -9999 -9999 -9999 -9999
ROSE 1632445200.00004 -42.0 27.0 -3 25 -9999 -9999 -9999 -9999
ROSE 1632456000.00004 -42.0 27.4 -3 25 -9999 -9999 -9999 -9999
ROSE 1632466800.00004 -42.0 27.8 -3 25 -9999 -9999 -9999 -9999
ROSE 1632477600.00004 -41.9 28.1 -3 25 -9999 -9999 -9999 -9999
ROSE 1632488400.00004 -41.7 28.3 -3 25 -9999 -9999 -9999 -9999
PETER 1632034800.00004 -52.7 16.4 -1 30 -9999 -9999 -9999 -9999
PETER 1632045600.00004 -53.6 16.6 -1 33 -9999 -9999 -9999 -9999
PETER 1632056400.00004 -54.4 16.8 0 35 90 40 0 0
PETER 1632067200.00004 -55.1 17.0 0 38 95 40 0 0
PETER 1632078000.00004 -55.8 17.3 0 40 100 40 0 0
PETER 1632088800.00004 -56.4 17.6 0 43 105 20 0 0
PETER 1632099600.00004 -57.0 17.9 0 45 110 0 0 0
PETER 1632110400.00004 -57.5 18.2 0 45 110 0 0 0
PETER 1632121200.00004 -58.0 18.4 0 45 110 0 0 0
PETER 1632132000.00004 -58.5 18.6 0 45 110 0 0 0
PETER 1632142800.00004 -59.0 18.8 0 45 110 0 0 0
PETER 1632153600.00004 -59.5 19.0 0 45 110 0 0 0
PETER 1632164400.00004 -60.1 19.2 0 45 110 0 0 0
PETER 1632175200.00004 -60.7 19.4 0 45 120 0 0 0
PETER 1632186000.00004 -61.2 19.5 0 45 130 0 0 0
PETER 1632196800.00004 -61.8 19.6 0 45 140 0 0 0
PETER 1632207600.00004 -62.3 19.6 0 45 150 0 0 0
PETER 1632218400.00004 -62.8 19.6 0 43 150 0 0 0
PETER 1632229200.00004 -63.2 19.6 0 40 150 0 0 0
PETER 1632240000.00004 -63.6 19.7 0 38 140 0 0 0
PETER 1632250800.00004 -64.0 19.8 0 35 130 0 0 0
PETER 1632261600.00004 -64.3 20.0 -1 33 -9999 -9999 -9999 -9999
PETER 1632272400.00004 -64.6 20.2 -1 30 -9999 -9999 -9999 -9999
PETER 1632283200.00004 -64.9 20.4 -1 30 -9999 -9999 -9999 -9999
PETER 1632294000.00004 -65.2 20.6 -1 30 -9999 -9999 -9999 -9999
PETER 1632304800.00004 -65.5 20.8 -1 30 -9999 -9999 -9999 -9999
PETER 1632315600.00004 -65.8 21.0 -1 30 -9999 -9999 -9999 -9999
PETER 1632326400.00004 -66.1 21.2 -1 30 -9999 -9999 -9999 -9999
PETER 1632337200.00004 -66.4 21.4 -1 30 -9999 -9999 -9999 -9999
PETER 1632348000.00004 -66.7 21.6 -1 30 -9999 -9999 -9999 -9999
PETER 1632358800.00004 -66.9 21.7 -1 30 -9999 -9999 -9999 -9999
SAM 1632358800.00004 -33.1 10.0 -1 30 -9999 -9999 -9999 -9999
SAM 1632369600.00004 -33.7 10.1 -1 30 -9999 -9999 -9999 -9999
SAM 1632380400.00004 -34.4 10.2 -1 30 -9999 -9999 -9999 -9999
SAM 1632391200.00004 -35.2 10.3 -1 33 -9999 -9999 -9999 -9999
SAM 1632402000.00004 -36.0 10.4 0 35 30 0 0 30
SAM 1632412800.00004 -36.8 10.5 0 40 35 0 0 35
SAM 1632423600.00004 -37.6 10.7 0 45 40 0 0 40
SAM 1632434400.00004 -38.3 10.8 0 48 40 15 0 40
SAM 1632445200.00004 -39.0 10.9 0 50 40 30 0 40
SAM 1632456000.00004 -39.7 11.0 0 55 40 30 10 40
SAM 1632466800.00004 -40.3 11.1 0 60 40 30 20 40
SAM 1632477600.00004 -40.9 11.2 0 63 45 35 25 40
SAM 1632488400.00004 -41.6 11.4 1 65 50 40 30 40
SAM 1632499200.00004 -42.3 11.5 1 65 50 40 30 40
SAM 1632510000.00004 -43.0 11.6 1 65 50 40 30 40
SAM 1632520800.00004 -43.7 11.7 1 68 50 40 30 45
SAM 1632531600.00004 -44.3 11.9 1 70 50 40 30 50
SAM 1632542400.00004 -44.9 12.1 1 78 50 40 30 50
SAM 1632553200.00004 -45.4 12.3 2 85 50 40 30 50
SAM 1632564000.00004 -45.9 12.5 2 90 50 40 30 50
SAM 1632574800.00004 -46.3 12.6 2 95 50 40 30 50
SAM 1632585600.00004 -46.8 12.7 3 100 60 65 35 55
SAM 1632596400.00004 -47.2 12.8 3 105 70 90 40 60
SAM 1632607200.00004 -47.7 12.9 3 110 70 90 40 60
SAM 1632618000.00004 -48.1 13.1 4 115 70 90 40 60
SAM 1632628800.00004 -48.5 13.3 4 123 75 90 40 60
SAM 1632639600.00004 -48.8 13.4 4 130 80 90 40 60
SAM 1632650400.00004 -49.1 13.5 4 130 80 85 40 60
SAM 1632661200.00004 -49.4 13.6 4 130 80 80 40 60
SAM 1632672000.00004 -49.7 13.7 4 130 80 80 45 65
SAM 1632682800.00004 -50.0 13.8 4 130 80 80 50 70
SAM 1632693600.00004 -50.2 13.9 4 133 80 80 55 70
SAM 1632704400.00004 -50.3 14.1 4 135 80 80 60 70
SAM 1632715200.00004 -50.4 14.3 4 133 80 80 60 70
SAM 1632726000.00004 -50.6 14.5 4 130 80 80 60 70
SAM 1632736800.00004 -50.8 14.7 4 123 85 85 60 70
SAM 1632747600.00004 -51.1 15.0 4 115 90 90 60 70
SAM 1632758400.00004 -51.4 15.2 3 110 90 90 60 70
SAM 1632769200.00004 -51.7 15.4 3 105 90 90 60 70
SAM 1632780000.00004 -52.0 15.6 3 105 90 90 60 70
SAM 1632790800.00004 -52.3 15.9 3 105 90 90 60 70
SAM 1632801600.00004 -52.6 16.2 3 105 100 90 65 80
SAM 1632812400.00004 -52.9 16.5 3 105 110 90 70 90
SAM 1632823200.00004 -53.2 16.7 3 110 110 90 70 90
SAM 1632834000.00004 -53.5 16.9 4 115 110 90 70 90
SAM 1632844800.00004 -53.8 17.1 4 115 110 105 80 100
SAM 1632855600.00004 -54.1 17.3 4 115 110 120 90 110
SAM 1632866400.00004 -54.4 17.5 4 115 110 120 90 110
SAM 1632877200.00004 -54.7 17.7 4 115 110 120 90 110
SAM 1632888000.00004 -55.0 17.9 4 115 110 120 85 100
SAM 1632898800.00004 -55.3 18.1 4 115 110 120 80 90
SAM 1632909600.00004 -55.6 18.3 4 115 110 120 80 90
SAM 1632920400.00004 -55.9 18.6 4 115 110 120 80 90
SAM 1632931200.00004 -56.2 18.8 4 115 115 120 80 90
SAM 1632942000.00004 -56.6 19.1 4 115 120 120 80 90
SAM 1632952800.00004 -57.0 19.4 4 115 120 120 80 90
SAM 1632963600.00004 -57.3 19.7 4 115 120 120 80 90
SAM 1632974400.00004 -57.6 20.0 4 120 125 120 85 95
SAM 1632985200.00004 -58.0 20.3 4 125 130 120 90 100
SAM 1632996000.00004 -58.4 20.6 4 125 130 120 90 105
SAM 1633006800.00004 -58.8 21.0 4 125 130 120 90 110
SAM 1633017600.00004 -59.2 21.5 4 125 130 120 90 110
SAM 1633028400.00004 -59.6 22.0 4 125 130 120 90 110
SAM 1633039200.00004 -60.0 22.5 4 125 135 125 90 110
SAM 1633050000.00004 -60.4 23.0 4 125 140 130 90 110
SAM 1633060800.00004 -60.7 23.6 4 125 145 135 90 110
SAM 1633071600.00004 -61.0 24.3 4 125 150 140 90 110
SAM 1633082400.00004 -61.3 25.0 4 128 150 140 90 110
SAM 1633093200.00004 -61.6 25.8 4 130 150 140 90 110
SAM 1633104000.00004 -61.8 26.6 4 130 150 160 110 120
SAM 1633114800.00004 -61.9 27.4 4 130 150 180 130 130
SAM 1633125600.00004 -62.0 28.3 4 130 150 180 130 130
SAM 1633136400.00004 -61.9 29.2 4 130 150 180 130 130
SAM 1633147200.00004 -61.7 30.0 4 128 150 180 130 130
SAM 1633158000.00004 -61.5 30.8 4 125 150 180 130 130
SAM 1633168800.00004 -61.3 31.5 4 123 150 180 135 145
SAM 1633179600.00004 -61.0 32.1 4 120 150 180 140 160
SAM 1633190400.00004 -60.6 32.8 4 118 165 195 150 175
SAM 1633201200.00004 -60.1 33.4 4 115 180 210 160 190
SAM 1633212000.00004 -59.6 34.1 4 113 180 210 160 190
SAM 1633222800.00004 -59.1 34.7 3 110 180 210 160 190
SAM 1633233600.00004 -58.5 35.3 3 105 180 210 160 190
SAM 1633244400.00004 -57.9 35.8 3 100 180 210 160 190
SAM 1633255200.00004 -57.2 36.3 2 95 180 210 170 190
SAM 1633266000.00004 -56.6 36.7 2 90 180 210 180 190
SAM 1633276800.00004 -56.0 37.0 2 88 180 210 180 190
SAM 1633287600.00004 -55.4 37.3 2 85 180 210 180 190
SAM 1633298400.00004 -54.7 37.6 2 85 195 210 190 200
SAM 1633309200.00004 -53.9 38.0 2 85 210 210 200 210
SAM 1633320000.00004 -53.1 38.3 2 88 210 210 205 210
SAM 1633330800.00004 -52.2 38.7 2 90 210 210 210 210
SAM 1633341600.00004 -51.1 39.2 2 90 215 215 215 210
SAM 1633352400.00004 -49.9 39.9 2 90 220 220 220 210
SAM 1633363200.00004 -48.6 40.6 2 88 220 220 220 215
SAM 1633374000.00004 -47.1 41.4 2 85 220 220 220 220
SAM 1633384800.00004 -45.4 42.5 2 83 230 230 240 215
SAM 1633395600.00004 -43.6 43.8 1 80 240 240 260 210
SAM 1633406400.00004 -41.9 45.1 1 78 240 255 280 255
SAM 1633417200.00004 -40.5 46.5 1 75 240 270 300 300
SAM 1633428000.00004 -39.9 47.9 1 73 240 270 300 300
SAM 1633438800.00004 -39.7 49.4 -4 70 240 270 300 300
SAM 1633449600.00004 -39.4 51.1 -4 68 255 315 280 285
SAM 1633460400.00004 -39.6 52.2 -4 65 270 360 260 270
SAM 1633471200.00004 -41.1 51.7 -4 65 270 360 250 270
SAM 1633482000.00004 -42.1 50.6 -4 65 270 360 240 270
SAM 1633492800.00004 -40.9 50.1 -4 63 255 360 300 345
SAM 1633503600.00004 -38.9 49.9 -4 60 240 360 360 420
SAM 1633514400.00004 -37.2 50.1 -4 58 225 360 360 390
SAM 1633525200.00004 -35.5 50.5 -4 55 210 360 360 360
SAM 1633536000.00004 -33.9 50.9 -4 53 210 330 300 180
SAM 1633546800.00004 -32.4 51.5 -4 50 210 300 240 0
SAM 1633557600.00004 -30.7 52.2 -4 48 210 300 240 0
SAM 1633568400.00004 -29.0 53.1 -4 45 210 300 240 0
SAM 1633579200.00004 -27.2 54.1 -4 45 105 285 225 0
SAM 1633590000.00004 -25.4 55.2 -4 45 0 270 210 0
SAM 1633600800.00004 -23.8 56.6 -4 43 0 270 105 0
SAM 1633611600.00004 -22.3 58.1 -4 40 0 270 0 0
TERESA 1632488400.00004 -62.0 31.4 -2 30 -9999 -9999 -9999 -9999
TERESA 1632499200.00004 -62.4 32.2 -2 33 -9999 -9999 -9999 -9999
TERESA 1632510000.00004 -62.9 32.8 -2 35 80 0 0 80
TERESA 1632520800.00004 -63.5 33.3 -2 38 80 0 0 80
TERESA 1632531600.00004 -64.1 33.6 -2 40 80 0 0 80
TERESA 1632542400.00004 -64.6 33.9 -2 40 90 0 0 40
TERESA 1632553200.00004 -65.0 34.1 -2 40 100 0 0 0
TERESA 1632564000.00004 -65.3 34.2 -2 38 110 0 0 0
TERESA 1632574800.00004 -65.5 34.3 -2 35 120 0 0 0
TERESA 1632585600.00004 -65.4 34.3 -2 33 -9999 -9999 -9999 -9999
TERESA 1632596400.00004 -65.2 34.3 -2 30 -9999 -9999 -9999 -9999
TERESA 1632607200.00004 -64.9 34.3 -2 30 -9999 -9999 -9999 -9999
TERESA 1632618000.00004 -64.5 34.3 -3 30 -9999 -9999 -9999 -9999
TERESA 1632628800.00004 -64.2 34.5 -3 30 -9999 -9999 -9999 -9999
TERESA 1632639600.00004 -63.9 34.7 -3 30 -9999 -9999 -9999 -9999
TERESA 1632650400.00004 -63.6 34.9 -3 30 -9999 -9999 -9999 -9999
TERESA 1632661200.00004 -63.2 35.2 -3 30 -9999 -9999 -9999 -9999
TERESA 1632672000.00004 -62.6 35.4 -3 28 -9999 -9999 -9999 -9999
TERESA 1632682800.00004 -61.8 35.6 -3 25 -9999 -9999 -9999 -9999
VICTOR 1632898800.00004 -22.0 7.0 -3 30 -9999 -9999 -9999 -9999
VICTOR 1632909600.00004 -22.5 7.2 -3 30 -9999 -9999 -9999 -9999
VICTOR 1632920400.00004 -23.0 7.4 -3 30 -9999 -9999 -9999 -9999
VICTOR 1632931200.00004 -23.6 7.6 -3 30 -9999 -9999 -9999 -9999
VICTOR 1632942000.00004 -24.1 7.8 -1 30 -9999 -9999 -9999 -9999
VICTOR 1632952800.00004 -24.6 8.0 -1 33 -9999 -9999 -9999 -9999
VICTOR 1632963600.00004 -25.1 8.1 0 35 50 0 0 40
VICTOR 1632974400.00004 -25.5 8.2 0 35 50 0 0 40
VICTOR 1632985200.00004 -26.0 8.3 0 35 50 0 0 40
VICTOR 1632996000.00004 -26.5 8.5 0 38 60 0 0 45
VICTOR 1633006800.00004 -27.1 8.7 0 40 70 0 0 50
VICTOR 1633017600.00004 -27.8 8.9 0 40 80 0 0 60
VICTOR 1633028400.00004 -28.4 9.2 0 40 90 0 0 70
VICTOR 1633039200.00004 -29.0 9.5 0 43 90 0 0 80
VICTOR 1633050000.00004 -29.5 9.8 0 45 90 0 0 90
VICTOR 1633060800.00004 -30.0 10.2 0 48 100 35 0 95
VICTOR 1633071600.00004 -30.6 10.5 0 50 110 70 0 100
VICTOR 1633082400.00004 -31.2 10.8 0 50 115 75 0 100
VICTOR 1633093200.00004 -31.8 11.0 0 50 120 80 0 100
VICTOR 1633104000.00004 -32.4 11.2 0 53 120 80 30 110
VICTOR 1633114800.00004 -33.0 11.4 0 55 120 80 60 120
VICTOR 1633125600.00004 -33.5 11.6 0 55 120 80 60 120
VICTOR 1633136400.00004 -33.9 11.8 0 55 120 80 60 120
VICTOR 1633147200.00004 -34.4 11.9 0 53 120 70 30 120
VICTOR 1633158000.00004 -34.9 12.1 0 50 120 60 0 120
VICTOR 1633168800.00004 -35.4 12.3 0 48 110 60 0 100
VICTOR 1633179600.00004 -35.8 12.5 0 45 100 60 0 80
VICTOR 1633190400.00004 -36.2 12.6 0 40 80 30 0 70
VICTOR 1633201200.00004 -36.7 12.7 0 35 60 0 0 60
VICTOR 1633212000.00004 -37.2 13.0 -1 33 -9999 -9999 -9999 -9999
VICTOR 1633222800.00004 -37.7 13.5 -1 30 -9999 -9999 -9999 -9999
VICTOR 1633233600.00004 -38.1 14.0 -1 30 -9999 -9999 -9999 -9999
VICTOR 1633244400.00004 -38.4 14.4 -1 30 -9999 -9999 -9999 -9999
VICTOR 1633255200.00004 -38.8 14.8 -1 30 -9999 -9999 -9999 -9999
VICTOR 1633266000.00004 -39.2 15.1 -1 30 -9999 -9999 -9999 -9999
VICTOR 1633276800.00004 -39.6 15.4 -1 30 -9999 -9999 -9999 -9999
VICTOR 1633287600.00004 -40.0 15.7 -1 30 -9999 -9999 -9999 -9999
VICTOR 1633298400.00004 -40.5 16.1 -1 30 -9999 -9999 -9999 -9999
VICTOR 1633309200.00004 -41.0 16.5 -1 30 -9999 -9999 -9999 -9999
VICTOR 1633320000.00004 -41.6 16.9 -1 30 -9999 -9999 -9999 -9999
VICTOR 1633330800.00004 -42.1 17.2 -1 30 -9999 -9999 -9999 -9999
VICTOR 1633341600.00004 -42.6 17.5 -1 28 -9999 -9999 -9999 -9999
VICTOR 1633352400.00004 -43.1 17.8 -1 25 -9999 -9999 -9999 -9999
WANDA 1635210000.00004 -76.3 32.5 -4 35 0 60 0 0
WANDA 1635220800.00004 -75.3 33.4 -4 40 90 75 0 0
WANDA 1635231600.00004 -74.1 34.2 -4 45 180 90 0 0
WANDA 1635242400.00004 -72.7 35.0 -4 45 210 165 0 0
WANDA 1635253200.00004 -71.3 35.9 -4 45 240 240 0 0
WANDA 1635264000.00004 -70.1 36.8 -4 48 255 240 0 30
WANDA 1635274800.00004 -69.1 37.7 -4 50 270 240 0 60
WANDA 1635285600.00004 -68.5 38.6 -4 53 285 225 15 75
WANDA 1635296400.00004 -68.2 39.5 -4 55 300 210 30 90
WANDA 1635307200.00004 -67.7 40.2 -4 58 300 165 45 150
WANDA 1635318000.00004 -67.6 40.8 -4 60 300 120 60 210
WANDA 1635328800.00004 -68.4 41.3 -4 60 360 150 75 210
WANDA 1635339600.00004 -69.4 41.4 -4 60 420 180 90 210
WANDA 1635350400.00004 -70.0 40.8 -4 58 450 210 135 225
WANDA 1635361200.00004 -70.1 39.9 -4 55 480 240 180 240
WANDA 1635372000.00004 -69.5 39.2 -4 53 510 270 180 270
WANDA 1635382800.00004 -68.5 38.7 -4 50 540 300 180 300
WANDA 1635393600.00004 -67.2 38.7 -4 48 540 255 210 330
WANDA 1635404400.00004 -65.9 39.0 -4 45 540 210 240 360
WANDA 1635415200.00004 -64.9 39.2 -4 45 540 195 240 360
WANDA 1635426000.00004 -63.9 39.4 -4 45 540 180 240 360
WANDA 1635436800.00004 -62.9 39.6 -4 45 540 180 240 360
WANDA 1635447600.00004 -61.9 39.8 -4 45 540 180 240 360
WANDA 1635458400.00004 -60.8 40.0 -4 45 510 180 225 345
WANDA 1635469200.00004 -59.8 40.2 -4 45 480 180 210 330
WANDA 1635480000.00004 -58.9 40.4 -4 45 450 180 210 315
WANDA 1635490800.00004 -58.1 40.6 -4 45 420 180 210 300
WANDA 1635501600.00004 -57.4 40.7 -4 45 405 180 195 300
WANDA 1635512400.00004 -56.8 40.7 -4 45 390 180 180 300
WANDA 1635523200.00004 -56.2 40.7 -4 45 375 180 180 300
WANDA 1635534000.00004 -55.5 40.6 -4 45 360 180 180 300
WANDA 1635544800.00004 -54.8 40.5 -4 45 345 180 180 315
WANDA 1635555600.00004 -54.0 40.4 -4 45 330 180 180 330
WANDA 1635566400.00004 -53.2 40.3 -4 45 300 150 165 300
WANDA 1635577200.00004 -52.4 40.1 -4 45 270 120 150 270
WANDA 1635588000.00004 -51.8 39.8 -4 43 195 110 150 240
WANDA 1635598800.00004 -51.2 39.4 -4 40 120 100 150 210
WANDA 1635609600.00004 -50.4 39.0 -4 40 60 95 150 180
WANDA 1635620400.00004 -49.6 38.5 -2 40 0 90 150 150
WANDA 1635631200.00004 -48.7 38.0 -2 40 0 90 150 120
WANDA 1635642000.00004 -47.8 37.5 -2 40 0 90 150 90
WANDA 1635652800.00004 -46.9 36.9 -2 43 30 90 120 45
WANDA 1635663600.00004 -46.0 36.5 -2 45 60 90 90 0
WANDA 1635674400.00004 -45.0 36.5 -2 48 60 80 80 0
WANDA 1635685200.00004 -44.2 36.6 -2 50 60 70 70 0
WANDA 1635696000.00004 -43.7 36.6 -2 50 60 65 65 15
WANDA 1635706800.00004 -43.4 36.5 -2 50 60 60 60 30
WANDA 1635717600.00004 -43.4 36.5 -2 50 60 45 60 60
WANDA 1635728400.00004 -43.5 36.4 -2 50 60 30 60 90
WANDA 1635739200.00004 -43.7 36.2 -2 48 60 15 60 105
WANDA 1635750000.00004 -44.0 35.8 -2 45 60 0 60 120
WANDA 1635760800.00004 -44.2 35.3 -2 43 60 0 55 100
WANDA 1635771600.00004 -44.2 34.8 -2 40 60 0 50 80
WANDA 1635782400.00004 -43.9 34.4 -2 40 30 20 45 60
WANDA 1635793200.00004 -43.4 34.1 0 40 0 40 40 40
WANDA 1635804000.00004 -43.0 34.0 0 38 0 40 40 40
WANDA 1635814800.00004 -42.6 34.1 0 35 0 40 40 40
WANDA 1635825600.00004 -42.2 34.2 0 35 25 45 45 45
WANDA 1635836400.00004 -41.9 34.4 0 35 50 50 50 50
WANDA 1635847200.00004 -41.6 34.6 0 38 50 50 50 50
WANDA 1635858000.00004 -41.3 34.9 0 40 50 50 50 50
WANDA 1635868800.00004 -41.0 35.2 0 40 50 50 40 40
WANDA 1635879600.00004 -40.7 35.5 0 40 50 50 30 30
WANDA 1635890400.00004 -40.6 35.8 0 40 55 55 25 30
WANDA 1635901200.00004 -40.5 36.2 0 40 60 60 20 30
WANDA 1635912000.00004 -40.4 36.5 0 40 70 70 10 30
WANDA 1635922800.00004 -40.4 36.9 0 40 80 80 0 30
WANDA 1635933600.00004 -40.3 37.2 0 40 80 80 0 30
WANDA 1635944400.00004 -40.2 37.6 0 40 80 80 0 30
WANDA 1635955200.00004 -40.1 38.0 0 40 80 80 0 35
WANDA 1635966000.00004 -39.9 38.4 0 40 80 80 0 40
WANDA 1635976800.00004 -39.8 38.8 0 43 80 85 15 40
WANDA 1635987600.00004 -39.7 39.3 0 45 80 90 30 40
WANDA 1635998400.00004 -39.7 39.8 0 45 80 90 40 50
WANDA 1636009200.00004 -39.7 40.2 0 45 80 90 50 60
WANDA 1636020000.00004 -39.7 40.6 0 45 75 85 50 60
WANDA 1636030800.00004 -39.7 41.0 0 45 70 80 50 60
WANDA 1636041600.00004 -39.7 41.4 0 43 65 70 50 60
WANDA 1636052400.00004 -39.7 41.7 0 40 60 60 50 60
WANDA 1636063200.00004 -39.7 41.9 0 40 60 60 50 60
WANDA 1636074000.00004 -39.6 42.1 0 40 60 60 50 60
WANDA 1636084800.00004 -39.3 42.3 0 43 60 65 65 65
WANDA 1636095600.00004 -39.0 42.3 0 45 60 70 80 70
WANDA 1636106400.00004 -38.6 42.2 0 45 55 70 85 75
WANDA 1636117200.00004 -38.3 42.0 0 45 50 70 90 80
WANDA 1636128000.00004 -38.0 41.6 0 45 45 60 105 90
WANDA 1636138800.00004 -37.8 41.1 0 45 40 50 120 100
WANDA 1636149600.00004 -37.6 40.4 0 45 40 45 115 100
WANDA 1636160400.00004 -37.5 39.6 0 45 40 40 110 100
WANDA 1636171200.00004 -37.7 38.9 0 45 45 35 95 95
WANDA 1636182000.00004 -38.0 38.4 0 45 50 30 80 90
WANDA 1636192800.00004 -38.2 37.9 0 45 50 30 70 75
WANDA 1636203600.00004 -38.3 37.6 0 45 50 30 60 60
WANDA 1636214400.00004 -38.4 37.3 0 43 50 30 55 30
WANDA 1636225200.00004 -38.4 37.2 0 40 50 30 50 0
WANDA 1636236000.00004 -38.3 37.1 0 38 50 40 50 0
WANDA 1636246800.00004 -38.0 37.1 0 35 50 50 50 0
WANDA 1636257600.00004 -37.7 37.2 0 35 25 55 25 0
WANDA 1636268400.00004 -37.4 37.4 0 35 0 60 0 0
WANDA 1636282800.00004 -37.0 37.7 0 35 0 60 0 0
WANDA 1636293600.00004 -36.4 38.1 0 35 0 60 0 0
WANDA 1636304400.00004 -35.7 38.6 0 35 0 75 0 0
WANDA 1636315200.00004 -34.9 39.2 -3 35 0 90 0 0
WANDA 1636326000.00004 -34.0 40.0 -3 38 0 90 0 0
WANDA 1636336800.00004 -32.8 40.9 -3 40 0 90 0 0
WANDA 1636347600.00004 -31.4 42.0 -3 40 15 80 0 0
WANDA 1636358400.00004 -29.7 43.2 -3 40 30 70 0 0
