# name, time, usa_lon, usa_lat, usa_sshs, usa_wind, usa_r34
# (Name of system), (timestamp), (degE), deg(N), (), (nautical miles)
ALBERTO 1718564400.00004 -89.1 17.8 -3 25 -9999 -9999 -9999 -9999
ALBERTO 1718575200.00004 -89.5 18.0 -3 25 -9999 -9999 -9999 -9999
ALBERTO 1718586000.00004 -89.9 18.2 -3 25 -9999 -9999 -9999 -9999
ALBERTO 1718596800.00004 -90.3 18.4 -3 28 -9999 -9999 -9999 -9999
ALBERTO 1718607600.00004 -90.7 18.6 -3 30 -9999 -9999 -9999 -9999
ALBERTO 1718618400.00004 -91.1 18.8 -3 30 -9999 -9999 -9999 -9999
ALBERTO 1718629200.00004 -91.6 19.0 -3 30 -9999 -9999 -9999 -9999
ALBERTO 1718640000.00004 -92.1 19.2 -3 30 -9999 -9999 -9999 -9999
ALBERTO 1718650800.00004 -92.5 19.4 -3 30 -9999 -9999 -9999 -9999
ALBERTO 1718661600.00004 -92.8 19.6 -3 33 -9999 -9999 -9999 -9999
ALBERTO 1718672400.00004 -92.9 19.9 -3 35 250 0 0 0
ALBERTO 1718683200.00004 -93.0 20.2 -3 35 250 0 0 0
ALBERTO 1718694000.00004 -93.0 20.5 -3 35 250 0 0 0
ALBERTO 1718704800.00004 -93.0 20.7 -3 35 250 0 0 0
ALBERTO 1718715600.00004 -93.0 21.0 -3 35 250 0 0 0
ALBERTO 1718726400.00004 -92.9 21.3 -3 35 250 0 0 0
ALBERTO 1718737200.00004 -92.7 21.6 -3 35 250 0 0 0
ALBERTO 1718748000.00004 -92.6 21.8 -3 35 305 0 0 180
ALBERTO 1718758800.00004 -92.6 22.0 -3 35 360 0 0 360
ALBERTO 1718769600.00004 -92.6 22.2 -3 35 360 0 0 360
ALBERTO 1718780400.00004 -92.8 22.4 -3 35 360 0 0 360
ALBERTO 1718791200.00004 -93.1 22.5 -3 35 360 0 0 360
ALBERTO 1718802000.00004 -93.5 22.5 -3 35 360 0 0 360
ALBERTO 1718812800.00004 -93.8 22.4 -3 35 360 0 0 360
ALBERTO 1718823600.00004 -94.1 22.2 0 35 360 0 0 360
ALBERTO 1718834400.00004 -94.4 22.0 0 35 360 0 0 360
ALBERTO 1718845200.00004 -94.7 21.8 0 35 360 0 0 360
ALBERTO 1718856000.00004 -95.1 21.6 0 40 380 25 20 380
ALBERTO 1718866800.00004 -95.5 21.5 0 45 400 50 40 400
ALBERTO 1718877600.00004 -96.0 21.7 0 45 350 55 50 330
ALBERTO 1718888400.00004 -96.6 22.0 0 45 300 60 60 260
ALBERTO 1718899200.00004 -97.5 22.2 0 40 240 60 45 210
ALBERTO 1718910000.00004 -98.6 22.3 0 35 180 60 30 160
ALBERTO 1718920800.00004 -99.7 22.3 -1 30 -9999 -9999 -9999 -9999
ALBERTO 1718931600.00004 -100.9 22.3 -3 25 -9999 -9999 -9999 -9999
CHRIS 1719277200.00004 -55.5 10.3 -3 30 -9999 -9999 -9999 -9999
CHRIS 1719288000.00004 -56.7 10.6 -3 30 -9999 -9999 -9999 -9999
CHRIS 1719298800.00004 -58.0 10.8 -3 30 -9999 -9999 -9999 -9999
CHRIS 1719309600.00004 -59.3 11.0 -3 28 -9999 -9999 -9999 -9999
CHRIS 1719320400.00004 -60.6 11.2 -3 25 -9999 -9999 -9999 -9999
CHRIS 1719331200.00004 -61.9 11.4 -3 25 -9999 -9999 -9999 -9999
CHRIS 1719342000.00004 -63.2 11.7 -3 25 -9999 -9999 -9999 -9999
CHRIS 1719352800.00004 -64.6 11.9 -3 25 -9999 -9999 -9999 -9999
CHRIS 1719363600.00004 -66.0 12.2 -3 25 -9999 -9999 -9999 -9999
CHRIS 1719374400.00004 -67.4 12.5 -3 25 -9999 -9999 -9999 -9999
CHRIS 1719385200.00004 -68.9 12.7 -3 25 -9999 -9999 -9999 -9999
CHRIS 1719396000.00004 -70.4 12.9 -3 25 -9999 -9999 -9999 -9999
CHRIS 1719406800.00004 -71.8 13.0 -3 25 -9999 -9999 -9999 -9999
CHRIS 1719417600.00004 -73.2 13.1 -3 25 -9999 -9999 -9999 -9999
CHRIS 1719428400.00004 -74.6 13.3 -3 25 -9999 -9999 -9999 -9999
CHRIS 1719439200.00004 -76.0 13.5 -3 25 -9999 -9999 -9999 -9999
CHRIS 1719450000.00004 -77.3 13.7 -3 25 -9999 -9999 -9999 -9999
CHRIS 1719460800.00004 -78.4 13.9 -3 25 -9999 -9999 -9999 -9999
CHRIS 1719471600.00004 -79.3 14.2 -3 25 -9999 -9999 -9999 -9999
CHRIS 1719482400.00004 -80.0 14.4 -3 25 -9999 -9999 -9999 -9999
CHRIS 1719493200.00004 -80.7 14.6 -3 25 -9999 -9999 -9999 -9999
CHRIS 1719504000.00004 -81.6 14.9 -3 25 -9999 -9999 -9999 -9999
CHRIS 1719514800.00004 -82.4 15.2 -3 25 -9999 -9999 -9999 -9999
CHRIS 1719525600.00004 -82.8 15.4 -3 25 -9999 -9999 -9999 -9999
CHRIS 1719536400.00004 -83.1 15.7 -3 25 -9999 -9999 -9999 -9999
CHRIS 1719547200.00004 -83.5 16.1 -3 25 -9999 -9999 -9999 -9999
CHRIS 1719558000.00004 -83.9 16.5 -3 25 -9999 -9999 -9999 -9999
CHRIS 1719568800.00004 -84.2 16.8 -3 25 -9999 -9999 -9999 -9999
CHRIS 1719579600.00004 -84.5 17.0 -3 25 -9999 -9999 -9999 -9999
CHRIS 1719590400.00004 -84.8 17.2 -3 25 -9999 -9999 -9999 -9999
CHRIS 1719601200.00004 -85.1 17.3 -3 25 -9999 -9999 -9999 -9999
CHRIS 1719612000.00004 -85.5 17.4 -3 28 -9999 -9999 -9999 -9999
CHRIS 1719622800.00004 -85.9 17.5 -3 30 -9999 -9999 -9999 -9999
CHRIS 1719633600.00004 -86.5 17.7 -3 30 -9999 -9999 -9999 -9999
CHRIS 1719644400.00004 -87.1 17.8 -3 30 -9999 -9999 -9999 -9999
CHRIS 1719655200.00004 -87.7 17.9 -3 30 -9999 -9999 -9999 -9999
CHRIS 1719666000.00004 -88.2 18.0 -3 30 -9999 -9999 -9999 -9999
CHRIS 1719676800.00004 -88.8 18.1 -3 30 -9999 -9999 -9999 -9999
CHRIS 1719687600.00004 -89.4 18.2 -3 30 -9999 -9999 -9999 -9999
CHRIS 1719698400.00004 -90.0 18.3 -3 30 -9999 -9999 -9999 -9999
CHRIS 1719709200.00004 -90.5 18.5 -3 30 -9999 -9999 -9999 -9999
CHRIS 1719720000.00004 -91.0 18.6 -3 30 -9999 -9999 -9999 -9999
CHRIS 1719730800.00004 -91.5 18.8 -3 30 -9999 -9999 -9999 -9999
CHRIS 1719741600.00004 -92.0 18.9 -3 30 -9999 -9999 -9999 -9999
CHRIS 1719752400.00004 -92.5 19.1 -3 30 -9999 -9999 -9999 -9999
CHRIS 1719763200.00004 -93.0 19.3 -3 30 -9999 -9999 -9999 -9999
CHRIS 1719774000.00004 -93.5 19.4 -3 30 -9999 -9999 -9999 -9999
CHRIS 1719784800.00004 -93.9 19.5 -3 30 -9999 -9999 -9999 -9999
CHRIS 1719795600.00004 -94.4 19.6 -1 30 -9999 -9999 -9999 -9999
CHRIS 1719806400.00004 -95.0 19.8 -1 33 -9999 -9999 -9999 -9999
CHRIS 1719817200.00004 -95.7 19.9 0 35 60 0 0 0
CHRIS 1719828000.00004 -96.2 20.0 0 35 60 0 0 0
CHRIS 1719838800.00004 -96.7 20.0 0 35 60 0 0 0
CHRIS 1719849600.00004 -97.1 20.0 -1 33 -9999 -9999 -9999 -9999
CHRIS 1719860400.00004 -97.5 20.1 -3 30 -9999 -9999 -9999 -9999
BERYL 1719385200.00004 -25.5 9.4 -3 15 -9999 -9999 -9999 -9999
BERYL 1719396000.00004 -26.2 9.5 -3 15 -9999 -9999 -9999 -9999
BERYL 1719406800.00004 -27.0 9.6 -3 15 -9999 -9999 -9999 -9999
BERYL 1719417600.00004 -27.9 9.7 -3 18 -9999 -9999 -9999 -9999
BERYL 1719428400.00004 -28.8 9.8 -3 20 -9999 -9999 -9999 -9999
BERYL 1719439200.00004 -29.5 9.9 -3 20 -9999 -9999 -9999 -9999
BERYL 1719450000.00004 -30.1 9.9 -3 20 -9999 -9999 -9999 -9999
BERYL 1719460800.00004 -30.8 10.0 -3 23 -9999 -9999 -9999 -9999
BERYL 1719471600.00004 -31.5 10.0 -3 25 -9999 -9999 -9999 -9999
BERYL 1719482400.00004 -32.0 10.0 -3 25 -9999 -9999 -9999 -9999
BERYL 1719493200.00004 -32.5 10.0 -3 25 -9999 -9999 -9999 -9999
BERYL 1719504000.00004 -33.1 10.0 -3 25 -9999 -9999 -9999 -9999
BERYL 1719514800.00004 -33.8 9.9 -3 25 -9999 -9999 -9999 -9999
BERYL 1719525600.00004 -34.6 9.8 -3 25 -9999 -9999 -9999 -9999
BERYL 1719536400.00004 -35.4 9.7 -3 25 -9999 -9999 -9999 -9999
BERYL 1719547200.00004 -36.0 9.6 -3 25 -9999 -9999 -9999 -9999
BERYL 1719558000.00004 -36.6 9.5 -3 25 -9999 -9999 -9999 -9999
BERYL 1719568800.00004 -37.3 9.4 -3 28 -9999 -9999 -9999 -9999
BERYL 1719579600.00004 -38.0 9.2 -3 30 -9999 -9999 -9999 -9999
BERYL 1719590400.00004 -38.7 9.0 -3 30 -9999 -9999 -9999 -9999
BERYL 1719601200.00004 -39.4 8.9 -3 30 -9999 -9999 -9999 -9999
BERYL 1719612000.00004 -40.2 8.9 -3 30 -9999 -9999 -9999 -9999
BERYL 1719622800.00004 -41.0 9.0 -1 30 -9999 -9999 -9999 -9999
BERYL 1719633600.00004 -41.8 9.1 -1 33 -9999 -9999 -9999 -9999
BERYL 1719644400.00004 -42.7 9.2 0 35 40 0 0 40
BERYL 1719655200.00004 -43.6 9.5 0 38 40 0 0 40
BERYL 1719666000.00004 -44.6 9.7 0 40 40 0 0 40
BERYL 1719676800.00004 -45.8 9.8 0 48 40 0 0 40
BERYL 1719687600.00004 -46.9 9.8 0 55 40 0 0 40
BERYL 1719698400.00004 -47.7 9.9 0 58 45 15 10 40
BERYL 1719709200.00004 -48.5 10.0 0 60 50 30 20 40
BERYL 1719720000.00004 -49.4 10.1 1 65 55 30 25 40
BERYL 1719730800.00004 -50.3 10.2 1 70 60 30 30 40
BERYL 1719741600.00004 -51.2 10.4 1 78 65 35 30 45
BERYL 1719752400.00004 -52.2 10.5 2 85 70 40 30 50
BERYL 1719763200.00004 -53.1 10.5 2 95 85 60 50 65
BERYL 1719774000.00004 -54.0 10.6 3 105 100 80 70 80
BERYL 1719784800.00004 -54.9 10.7 3 110 100 80 70 80
BERYL 1719795600.00004 -55.7 10.9 4 115 100 80 70 80
BERYL 1719806400.00004 -56.5 11.0 4 113 100 80 70 80
BERYL 1719817200.00004 -57.3 11.2 3 110 100 80 70 80
BERYL 1719828000.00004 -58.2 11.3 3 108 105 80 70 90
BERYL 1719838800.00004 -59.0 11.5 3 105 110 80 70 100
BERYL 1719849600.00004 -59.7 11.7 3 110 110 85 70 100
BERYL 1719860400.00004 -60.5 12.0 4 115 110 90 70 100
BERYL 1719871200.00004 -61.4 12.4 4 123 110 95 75 100
BERYL 1719882000.00004 -62.3 12.8 4 130 110 100 80 100
BERYL 1719892800.00004 -63.1 13.1 4 135 110 100 70 100
BERYL 1719903600.00004 -64.0 13.4 5 140 110 100 60 100
BERYL 1719914400.00004 -64.9 13.8 5 143 110 95 55 100
BERYL 1719925200.00004 -65.9 14.2 5 145 110 90 50 100
BERYL 1719936000.00004 -66.9 14.6 5 145 130 95 55 100
BERYL 1719946800.00004 -67.9 15.0 5 145 150 100 60 100
BERYL 1719957600.00004 -68.9 15.3 5 140 155 100 60 110
BERYL 1719968400.00004 -69.9 15.6 4 135 160 100 60 120
BERYL 1719979200.00004 -70.9 15.9 4 133 160 100 60 120
BERYL 1719990000.00004 -71.8 16.1 4 130 160 100 60 120
BERYL 1720000800.00004 -72.7 16.2 4 128 160 90 55 115
BERYL 1720011600.00004 -73.5 16.3 4 125 160 80 50 110
BERYL 1720022400.00004 -74.4 16.5 4 125 160 80 50 110
BERYL 1720033200.00004 -75.3 16.8 4 125 160 80 50 110
BERYL 1720044000.00004 -76.1 17.0 4 123 160 80 50 110
BERYL 1720054800.00004 -76.8 17.2 4 120 160 80 50 110
BERYL 1720065600.00004 -77.5 17.5 4 118 160 80 50 110
BERYL 1720076400.00004 -78.3 17.8 4 115 160 80 50 110
BERYL 1720087200.00004 -79.2 18.1 4 113 155 80 50 110
BERYL 1720098000.00004 -80.1 18.3 3 110 150 80 50 110
BERYL 1720108800.00004 -81.0 18.5 3 105 145 80 50 105
BERYL 1720119600.00004 -81.8 18.8 3 100 140 80 50 100
BERYL 1720130400.00004 -82.7 19.1 3 98 140 80 50 100
BERYL 1720141200.00004 -83.5 19.3 2 95 140 80 50 100
BERYL 1720152000.00004 -84.2 19.4 3 98 115 70 50 90
BERYL 1720162800.00004 -84.8 19.4 3 100 90 60 50 80
BERYL 1720173600.00004 -85.5 19.6 3 98 90 60 50 80
BERYL 1720184400.00004 -86.2 19.8 2 95 90 60 50 80
BERYL 1720195200.00004 -87.0 20.1 2 88 90 60 45 80
BERYL 1720206000.00004 -87.7 20.4 1 80 90 60 40 80
BERYL 1720216800.00004 -88.3 20.7 1 70 90 60 35 70
BERYL 1720227600.00004 -88.8 20.9 0 60 90 60 30 60
BERYL 1720238400.00004 -89.2 21.1 0 55 90 50 35 65
BERYL 1720249200.00004 -89.7 21.4 0 50 90 40 40 70
BERYL 1720260000.00004 -90.3 21.7 0 50 100 40 40 70
BERYL 1720270800.00004 -90.9 22.0 0 50 110 40 40 70
BERYL 1720281600.00004 -91.4 22.3 0 50 110 40 40 70
BERYL 1720292400.00004 -91.9 22.6 0 50 110 40 40 70
BERYL 1720303200.00004 -92.3 23.0 0 50 110 40 40 70
BERYL 1720314000.00004 -92.6 23.5 0 50 110 40 40 70
BERYL 1720324800.00004 -93.1 24.0 0 50 110 40 40 70
BERYL 1720335600.00004 -93.6 24.4 0 50 110 40 40 70
BERYL 1720346400.00004 -94.0 24.7 0 50 110 40 40 80
BERYL 1720357200.00004 -94.3 24.9 0 50 110 40 40 90
BERYL 1720368000.00004 -94.6 25.2 0 53 110 45 45 90
BERYL 1720378800.00004 -94.9 25.5 0 55 110 50 50 90
BERYL 1720389600.00004 -95.1 25.9 0 55 105 65 55 85
BERYL 1720400400.00004 -95.3 26.3 0 55 100 80 60 80
BERYL 1720411200.00004 -95.5 26.7 0 58 100 80 60 80
BERYL 1720422000.00004 -95.6 27.1 0 60 100 80 60 80
BERYL 1720432800.00004 -95.8 27.6 1 65 100 90 60 80
BERYL 1720443600.00004 -95.9 28.2 1 70 100 100 60 80
BERYL 1720454400.00004 -96.0 28.7 1 68 95 100 60 80
BERYL 1720465200.00004 -95.9 29.2 1 65 90 100 60 80
BERYL 1720476000.00004 -95.8 29.9 0 58 75 105 45 60
BERYL 1720486800.00004 -95.5 30.6 0 50 60 110 30 40
BERYL 1720497600.00004 -95.2 31.3 0 40 30 55 15 20
BERYL 1720508400.00004 -94.8 32.1 -1 30 -9999 -9999 -9999 -9999
BERYL 1720519200.00004 -94.5 32.9 -1 28 -9999 -9999 -9999 -9999
BERYL 1720530000.00004 -94.0 33.6 -1 25 -9999 -9999 -9999 -9999
BERYL 1720540800.00004 -93.3 34.3 -1 25 -9999 -9999 -9999 -9999
BERYL 1720551600.00004 -92.4 35.0 -4 25 -9999 -9999 -9999 -9999
BERYL 1720562400.00004 -91.5 36.0 -4 25 -9999 -9999 -9999 -9999
BERYL 1720573200.00004 -90.4 37.0 -4 25 -9999 -9999 -9999 -9999
BERYL 1720584000.00004 -88.6 38.0 -4 25 -9999 -9999 -9999 -9999
BERYL 1720594800.00004 -87.0 38.9 -4 25 -9999 -9999 -9999 -9999
BERYL 1720605600.00004 -86.4 39.7 -4 25 -9999 -9999 -9999 -9999
BERYL 1720616400.00004 -86.1 40.4 -4 25 -9999 -9999 -9999 -9999
BERYL 1720627200.00004 -85.5 41.0 -4 25 -9999 -9999 -9999 -9999
BERYL 1720638000.00004 -84.8 41.5 -4 25 -9999 -9999 -9999 -9999
BERYL 1720648800.00004 -83.8 41.7 -4 28 -9999 -9999 -9999 -9999
BERYL 1720659600.00004 -82.7 41.8 -4 30 -9999 -9999 -9999 -9999
BERYL 1720670400.00004 -81.9 42.2 -4 30 -9999 -9999 -9999 -9999
BERYL 1720681200.00004 -81.3 42.7 -4 30 -9999 -9999 -9999 -9999
DEBBY 1722452400.00004 -62.5 17.5 -3 20 -9999 -9999 -9999 -9999
DEBBY 1722463200.00004 -63.5 17.7 -3 20 -9999 -9999 -9999 -9999
DEBBY 1722474000.00004 -64.5 17.9 -3 20 -9999 -9999 -9999 -9999
DEBBY 1722484800.00004 -65.5 18.1 -3 18 -9999 -9999 -9999 -9999
DEBBY 1722495600.00004 -66.4 18.3 -3 15 -9999 -9999 -9999 -9999
DEBBY 1722506400.00004 -67.4 18.5 -3 18 -9999 -9999 -9999 -9999
DEBBY 1722517200.00004 -68.4 18.7 -3 20 -9999 -9999 -9999 -9999
DEBBY 1722528000.00004 -69.2 18.9 -3 20 -9999 -9999 -9999 -9999
DEBBY 1722538800.00004 -70.0 19.2 -3 20 -9999 -9999 -9999 -9999
DEBBY 1722549600.00004 -70.8 19.4 -3 23 -9999 -9999 -9999 -9999
DEBBY 1722560400.00004 -71.5 19.6 -3 25 -9999 -9999 -9999 -9999
DEBBY 1722571200.00004 -72.2 19.8 -3 25 -9999 -9999 -9999 -9999
DEBBY 1722582000.00004 -72.8 20.0 -3 25 -9999 -9999 -9999 -9999
DEBBY 1722592800.00004 -73.4 20.2 -3 25 -9999 -9999 -9999 -9999
DEBBY 1722603600.00004 -74.1 20.3 -3 25 -9999 -9999 -9999 -9999
DEBBY 1722614400.00004 -74.9 20.5 -3 25 -9999 -9999 -9999 -9999
DEBBY 1722625200.00004 -75.7 20.6 -3 25 -9999 -9999 -9999 -9999
DEBBY 1722636000.00004 -76.6 20.7 -3 25 -9999 -9999 -9999 -9999
DEBBY 1722646800.00004 -77.4 20.8 -3 25 -9999 -9999 -9999 -9999
DEBBY 1722657600.00004 -78.2 20.9 -3 25 -9999 -9999 -9999 -9999
DEBBY 1722668400.00004 -79.0 21.0 -1 25 -9999 -9999 -9999 -9999
DEBBY 1722679200.00004 -79.6 21.2 -1 25 -9999 -9999 -9999 -9999
DEBBY 1722690000.00004 -80.2 21.5 -1 25 -9999 -9999 -9999 -9999
DEBBY 1722700800.00004 -80.9 21.9 -1 25 -9999 -9999 -9999 -9999
DEBBY 1722711600.00004 -81.5 22.3 -1 25 -9999 -9999 -9999 -9999
DEBBY 1722722400.00004 -82.1 22.8 -1 28 -9999 -9999 -9999 -9999
DEBBY 1722733200.00004 -82.6 23.3 -1 30 -9999 -9999 -9999 -9999
DEBBY 1722744000.00004 -83.0 23.6 0 35 60 60 -9999 -9999
DEBBY 1722754800.00004 -83.3 23.9 0 40 120 120 0 0
DEBBY 1722765600.00004 -83.6 24.3 0 43 120 120 0 0
DEBBY 1722776400.00004 -83.9 24.9 0 45 120 120 0 0
DEBBY 1722787200.00004 -84.1 25.5 0 48 120 120 0 0
DEBBY 1722798000.00004 -84.2 26.2 0 50 120 120 0 0
DEBBY 1722808800.00004 -84.3 26.8 0 53 120 135 0 30
DEBBY 1722819600.00004 -84.3 27.3 0 55 120 150 0 60
DEBBY 1722830400.00004 -84.2 27.8 0 58 105 135 20 60
DEBBY 1722841200.00004 -84.0 28.2 0 60 90 120 40 60
DEBBY 1722852000.00004 -83.8 28.7 1 65 75 120 40 60
DEBBY 1722862800.00004 -83.7 29.2 1 70 60 120 40 60
DEBBY 1722873600.00004 -83.5 29.6 1 68 60 120 40 60
DEBBY 1722884400.00004 -83.4 29.9 1 65 60 120 40 60
DEBBY 1722895200.00004 -83.3 30.1 0 58 60 120 40 60
DEBBY 1722906000.00004 -83.1 30.3 0 50 60 120 40 60
DEBBY 1722916800.00004 -82.8 30.6 0 45 80 115 20 30
DEBBY 1722927600.00004 -82.4 30.8 0 40 100 110 0 0
DEBBY 1722938400.00004 -82.1 31.0 0 40 140 145 0 0
DEBBY 1722949200.00004 -81.9 31.2 0 40 180 180 0 0
DEBBY 1722960000.00004 -81.6 31.6 0 40 180 180 0 0
DEBBY 1722970800.00004 -81.3 31.9 0 40 180 180 0 0
DEBBY 1722981600.00004 -81.1 32.0 0 38 180 180 0 0
DEBBY 1722992400.00004 -80.9 32.0 0 35 180 180 0 0
DEBBY 1723003200.00004 -80.6 31.9 0 38 90 165 50 0
DEBBY 1723014000.00004 -80.3 31.8 0 40 0 150 100 0
DEBBY 1723024800.00004 -80.0 31.8 0 40 60 150 100 0
DEBBY 1723035600.00004 -79.7 31.8 0 40 120 150 100 0
DEBBY 1723046400.00004 -79.5 32.0 0 45 120 155 100 0
DEBBY 1723057200.00004 -79.4 32.2 0 50 120 160 100 0
DEBBY 1723068000.00004 -79.2 32.3 0 50 135 160 95 0
DEBBY 1723078800.00004 -79.1 32.4 0 50 150 160 90 0
DEBBY 1723089600.00004 -79.2 32.6 0 50 150 160 90 0
DEBBY 1723100400.00004 -79.4 32.7 0 50 150 160 90 0
DEBBY 1723111200.00004 -79.5 32.7 0 48 150 160 45 0
DEBBY 1723122000.00004 -79.6 32.9 0 45 150 160 0 0
DEBBY 1723132800.00004 -79.7 33.4 0 43 150 165 0 0
DEBBY 1723143600.00004 -79.9 34.0 0 40 150 170 0 0
DEBBY 1723154400.00004 -80.1 34.5 0 38 160 170 0 0
DEBBY 1723165200.00004 -80.2 34.8 0 35 170 170 0 0
DEBBY 1723176000.00004 -80.3 34.9 -1 30 -9999 -9999 -9999 -9999
DEBBY 1723186800.00004 -80.2 35.1 -1 25 -9999 -9999 -9999 -9999
DEBBY 1723197600.00004 -80.0 35.7 -1 25 -9999 -9999 -9999 -9999
DEBBY 1723208400.00004 -79.7 36.8 -4 25 -9999 -9999 -9999 -9999
DEBBY 1723219200.00004 -79.4 38.5 -4 28 -9999 -9999 -9999 -9999
DEBBY 1723230000.00004 -78.9 40.4 -4 30 -9999 -9999 -9999 -9999
DEBBY 1723240800.00004 -77.9 41.7 -4 30 -9999 -9999 -9999 -9999
DEBBY 1723251600.00004 -76.5 42.8 -4 30 -9999 -9999 -9999 -9999
DEBBY 1723262400.00004 -74.9 44.0 -4 30 -9999 -9999 -9999 -9999
DEBBY 1723273200.00004 -73.1 45.3 -4 30 -9999 -9999 -9999 -9999
ERNESTO 1723186800.00004 -33.0 11.0 -3 20 -9999 -9999 -9999 -9999
ERNESTO 1723197600.00004 -33.5 11.1 -3 20 -9999 -9999 -9999 -9999
ERNESTO 1723208400.00004 -33.9 11.1 -3 20 -9999 -9999 -9999 -9999
ERNESTO 1723219200.00004 -34.3 11.1 -3 20 -9999 -9999 -9999 -9999
ERNESTO 1723230000.00004 -34.7 11.2 -3 20 -9999 -9999 -9999 -9999
ERNESTO 1723240800.00004 -35.2 11.3 -3 20 -9999 -9999 -9999 -9999
ERNESTO 1723251600.00004 -35.7 11.4 -3 20 -9999 -9999 -9999 -9999
ERNESTO 1723262400.00004 -36.1 11.4 -3 20 -9999 -9999 -9999 -9999
ERNESTO 1723273200.00004 -36.5 11.5 -3 20 -9999 -9999 -9999 -9999
ERNESTO 1723284000.00004 -37.2 11.6 -3 20 -9999 -9999 -9999 -9999
ERNESTO 1723294800.00004 -38.0 11.7 -3 20 -9999 -9999 -9999 -9999
ERNESTO 1723305600.00004 -38.7 11.8 -3 20 -9999 -9999 -9999 -9999
ERNESTO 1723316400.00004 -39.3 11.9 -3 20 -9999 -9999 -9999 -9999
ERNESTO 1723327200.00004 -39.8 12.0 -3 20 -9999 -9999 -9999 -9999
ERNESTO 1723338000.00004 -40.4 12.1 -3 20 -9999 -9999 -9999 -9999
ERNESTO 1723348800.00004 -41.1 12.2 -3 23 -9999 -9999 -9999 -9999
ERNESTO 1723359600.00004 -41.9 12.3 -3 25 -9999 -9999 -9999 -9999
ERNESTO 1723370400.00004 -42.7 12.4 -3 25 -9999 -9999 -9999 -9999
ERNESTO 1723381200.00004 -43.4 12.6 -3 25 -9999 -9999 -9999 -9999
ERNESTO 1723392000.00004 -44.1 12.7 -3 25 -9999 -9999 -9999 -9999
ERNESTO 1723402800.00004 -44.9 12.9 -3 25 -9999 -9999 -9999 -9999
ERNESTO 1723413600.00004 -45.9 13.1 -3 25 -9999 -9999 -9999 -9999
ERNESTO 1723424400.00004 -47.0 13.4 -3 25 -9999 -9999 -9999 -9999
ERNESTO 1723435200.00004 -48.1 13.6 -3 25 -9999 -9999 -9999 -9999
ERNESTO 1723446000.00004 -49.2 13.8 -3 25 -9999 -9999 -9999 -9999
ERNESTO 1723456800.00004 -50.4 14.0 -3 25 -9999 -9999 -9999 -9999
ERNESTO 1723467600.00004 -51.7 14.3 -3 25 -9999 -9999 -9999 -9999
ERNESTO 1723478400.00004 -53.0 14.6 -3 25 -9999 -9999 -9999 -9999
ERNESTO 1723489200.00004 -54.3 15.0 -3 25 -9999 -9999 -9999 -9999
ERNESTO 1723500000.00004 -55.4 15.4 -3 30 -9999 -9999 -9999 -9999
ERNESTO 1723510800.00004 -56.5 15.8 0 35 50 0 0 0
ERNESTO 1723521600.00004 -57.6 15.9 0 35 55 0 0 0
ERNESTO 1723532400.00004 -58.6 15.9 0 35 60 0 0 0
ERNESTO 1723543200.00004 -59.6 16.0 0 35 60 0 0 0
ERNESTO 1723554000.00004 -60.5 16.1 0 35 60 0 0 0
ERNESTO 1723564800.00004 -61.3 16.3 0 38 75 30 0 30
ERNESTO 1723575600.00004 -62.0 16.6 0 40 90 60 0 60
ERNESTO 1723586400.00004 -62.8 17.1 0 45 95 75 0 65
ERNESTO 1723597200.00004 -63.5 17.6 0 50 100 90 0 70
ERNESTO 1723608000.00004 -64.1 18.0 0 53 105 95 0 70
ERNESTO 1723618800.00004 -64.7 18.4 0 55 110 100 0 70
ERNESTO 1723629600.00004 -65.4 18.7 0 58 110 115 0 70
ERNESTO 1723640400.00004 -66.0 19.0 0 60 110 130 0 70
ERNESTO 1723651200.00004 -66.6 19.4 0 63 120 155 0 80
ERNESTO 1723662000.00004 -67.2 19.9 1 65 130 180 0 90
ERNESTO 1723672800.00004 -67.6 20.5 1 65 140 165 30 90
ERNESTO 1723683600.00004 -68.0 21.1 1 65 150 150 60 90
ERNESTO 1723694400.00004 -68.4 21.7 1 68 150 150 60 95
ERNESTO 1723705200.00004 -68.7 22.3 1 70 150 150 60 100
ERNESTO 1723716000.00004 -68.9 22.8 1 73 150 150 60 105
ERNESTO 1723726800.00004 -69.1 23.3 1 75 150 150 60 110
ERNESTO 1723737600.00004 -69.2 23.9 1 75 150 150 75 110
ERNESTO 1723748400.00004 -69.3 24.5 1 75 150 150 90 110
ERNESTO 1723759200.00004 -69.3 25.1 1 78 150 190 100 120
ERNESTO 1723770000.00004 -69.1 25.6 1 80 150 230 110 130
ERNESTO 1723780800.00004 -68.7 26.1 2 83 155 230 110 130
ERNESTO 1723791600.00004 -68.3 26.6 2 85 160 230 110 130
ERNESTO 1723802400.00004 -67.9 27.1 2 85 160 230 110 130
ERNESTO 1723813200.00004 -67.5 27.6 2 85 160 230 110 130
ERNESTO 1723824000.00004 -67.1 28.2 2 85 160 235 110 130
ERNESTO 1723834800.00004 -66.8 28.9 2 85 160 240 110 130
ERNESTO 1723845600.00004 -66.4 29.5 2 85 160 240 110 130
ERNESTO 1723856400.00004 -66.1 30.0 2 85 160 240 110 130
ERNESTO 1723867200.00004 -65.7 30.5 2 83 160 240 110 130
ERNESTO 1723878000.00004 -65.4 31.0 1 80 160 240 110 130
ERNESTO 1723888800.00004 -65.2 31.5 1 78 155 225 110 140
ERNESTO 1723899600.00004 -65.0 32.0 1 75 150 210 110 150
ERNESTO 1723910400.00004 -64.8 32.3 1 73 175 210 110 155
ERNESTO 1723921200.00004 -64.6 32.6 1 70 200 210 110 160
ERNESTO 1723932000.00004 -64.4 32.8 1 68 200 205 115 165
ERNESTO 1723942800.00004 -64.2 33.0 1 65 200 200 120 170
ERNESTO 1723953600.00004 -63.9 33.2 0 63 200 200 120 170
ERNESTO 1723964400.00004 -63.6 33.5 0 60 200 200 120 170
ERNESTO 1723975200.00004 -63.3 33.8 0 60 200 200 120 170
ERNESTO 1723986000.00004 -63.1 34.2 0 60 200 200 120 170
ERNESTO 1723996800.00004 -63.0 34.8 0 60 190 190 115 160
ERNESTO 1724007600.00004 -62.9 35.4 0 60 180 180 110 150
ERNESTO 1724018400.00004 -62.8 35.9 0 63 170 185 110 125
ERNESTO 1724029200.00004 -62.7 36.4 1 65 160 190 110 100
ERNESTO 1724040000.00004 -62.4 37.0 1 68 160 190 110 100
ERNESTO 1724050800.00004 -62.0 37.7 1 70 160 190 110 100
ERNESTO 1724061600.00004 -61.6 38.5 1 73 160 190 110 100
ERNESTO 1724072400.00004 -61.1 39.3 1 75 160 190 110 100
ERNESTO 1724083200.00004 -60.5 40.1 1 78 170 190 130 90
ERNESTO 1724094000.00004 -59.7 40.9 1 80 180 190 150 80
ERNESTO 1724104800.00004 -58.9 41.9 1 80 180 190 150 80
ERNESTO 1724115600.00004 -57.8 42.9 1 80 180 190 150 80
ERNESTO 1724126400.00004 -56.5 43.9 1 78 180 190 145 75
ERNESTO 1724137200.00004 -55.0 44.8 1 75 180 190 140 70
ERNESTO 1724148000.00004 -53.3 45.7 1 70 180 190 140 70
ERNESTO 1724158800.00004 -51.4 46.6 1 65 180 190 140 70
ERNESTO 1724169600.00004 -49.4 47.5 0 63 150 195 145 35
ERNESTO 1724180400.00004 -47.2 48.3 -3 60 120 200 150 0
FRANCINE 1725649200.00004 -88.1 18.8 -3 15 -9999 -9999 -9999 -9999
FRANCINE 1725660000.00004 -88.5 18.9 -3 15 -9999 -9999 -9999 -9999
FRANCINE 1725670800.00004 -89.0 19.0 -3 15 -9999 -9999 -9999 -9999
FRANCINE 1725681600.00004 -89.5 19.1 -3 15 -9999 -9999 -9999 -9999
FRANCINE 1725692400.00004 -90.0 19.1 -3 15 -9999 -9999 -9999 -9999
FRANCINE 1725703200.00004 -90.7 19.1 -3 15 -9999 -9999 -9999 -9999
FRANCINE 1725714000.00004 -91.3 19.1 -3 15 -9999 -9999 -9999 -9999
FRANCINE 1725724800.00004 -91.8 18.9 -3 18 -9999 -9999 -9999 -9999
FRANCINE 1725735600.00004 -92.2 18.8 -3 20 -9999 -9999 -9999 -9999
FRANCINE 1725746400.00004 -92.4 18.8 -3 20 -9999 -9999 -9999 -9999
FRANCINE 1725757200.00004 -92.4 18.9 -3 20 -9999 -9999 -9999 -9999
FRANCINE 1725768000.00004 -92.5 19.0 -3 20 -9999 -9999 -9999 -9999
FRANCINE 1725778800.00004 -92.6 19.1 -3 20 -9999 -9999 -9999 -9999
FRANCINE 1725789600.00004 -92.9 19.4 -3 23 -9999 -9999 -9999 -9999
FRANCINE 1725800400.00004 -93.3 19.8 -3 25 -9999 -9999 -9999 -9999
FRANCINE 1725811200.00004 -93.8 20.1 -3 30 -9999 -9999 -9999 -9999
FRANCINE 1725822000.00004 -94.2 20.5 -3 35 0 0 100 0
FRANCINE 1725832800.00004 -94.4 21.0 -3 40 0 0 120 80
FRANCINE 1725843600.00004 -94.5 21.4 -3 45 0 0 140 160
FRANCINE 1725854400.00004 -94.6 21.7 -3 45 0 0 140 160
FRANCINE 1725865200.00004 -94.6 21.8 -3 45 0 0 140 160
FRANCINE 1725876000.00004 -94.6 21.9 -3 45 0 60 140 160
FRANCINE 1725886800.00004 -94.7 22.0 -3 45 0 120 140 160
FRANCINE 1725897600.00004 -94.8 22.3 -3 45 20 110 140 150
FRANCINE 1725908400.00004 -95.0 22.7 0 45 40 100 140 140
FRANCINE 1725919200.00004 -95.5 23.2 0 48 45 120 120 130
FRANCINE 1725930000.00004 -95.9 23.7 0 50 50 140 100 120
FRANCINE 1725940800.00004 -96.1 23.9 0 53 50 130 100 120
FRANCINE 1725951600.00004 -96.1 23.9 0 55 50 120 100 120
FRANCINE 1725962400.00004 -96.2 24.0 0 55 50 120 100 110
FRANCINE 1725973200.00004 -96.2 24.1 0 55 50 120 100 100
FRANCINE 1725984000.00004 -96.0 24.3 0 55 50 120 100 100
FRANCINE 1725994800.00004 -95.8 24.5 0 55 50 120 100 100
FRANCINE 1726005600.00004 -95.6 24.9 0 55 55 120 100 90
FRANCINE 1726016400.00004 -95.3 25.3 0 55 60 120 100 80
FRANCINE 1726027200.00004 -95.0 25.7 0 60 65 110 90 70
FRANCINE 1726038000.00004 -94.7 26.0 1 65 70 100 80 60
FRANCINE 1726048800.00004 -94.4 26.3 1 73 75 100 70 65
FRANCINE 1726059600.00004 -94.1 26.6 1 80 80 100 60 70
FRANCINE 1726070400.00004 -93.7 27.0 1 80 80 100 60 70
FRANCINE 1726081200.00004 -93.2 27.5 1 80 80 100 60 70
FRANCINE 1726092000.00004 -92.7 28.0 1 80 85 110 65 70
FRANCINE 1726102800.00004 -92.1 28.6 1 80 90 120 70 70
FRANCINE 1726113600.00004 -91.5 29.1 1 75 80 120 70 60
FRANCINE 1726124400.00004 -90.9 29.6 1 70 70 120 70 50
FRANCINE 1726135200.00004 -90.5 29.8 0 58 70 125 65 35
FRANCINE 1726146000.00004 -90.3 30.2 0 45 70 130 60 20
FRANCINE 1726156800.00004 -90.2 31.0 0 38 35 65 30 10
FRANCINE 1726167600.00004 -90.1 31.9 -1 30 -9999 -9999 -9999 -9999
FRANCINE 1726178400.00004 -89.8 32.7 -1 25 -9999 -9999 -9999 -9999
FRANCINE 1726189200.00004 -89.7 33.4 -4 20 -9999 -9999 -9999 -9999
FRANCINE 1726200000.00004 -90.0 34.1 -4 23 -9999 -9999 -9999 -9999
FRANCINE 1726210800.00004 -90.5 34.7 -4 25 -9999 -9999 -9999 -9999
FRANCINE 1726221600.00004 -90.7 35.1 -4 25 -9999 -9999 -9999 -9999
FRANCINE 1726232400.00004 -90.9 35.4 -4 25 -9999 -9999 -9999 -9999
FRANCINE 1726243200.00004 -91.2 35.7 -4 20 -9999 -9999 -9999 -9999
FRANCINE 1726254000.00004 -91.5 35.9 -4 15 -9999 -9999 -9999 -9999
FRANCINE 1726264800.00004 -91.8 35.9 -4 15 -9999 -9999 -9999 -9999
FRANCINE 1726275600.00004 -92.0 35.7 -4 15 -9999 -9999 -9999 -9999
FRANCINE 1726286400.00004 -91.9 35.3 -4 15 -9999 -9999 -9999 -9999
FRANCINE 1726297200.00004 -91.7 34.9 -4 15 -9999 -9999 -9999 -9999
GORDON 1725930000.00004 -16.0 12.4 -3 15 -9999 -9999 -9999 -9999
GORDON 1725940800.00004 -16.5 12.5 -3 15 -9999 -9999 -9999 -9999
GORDON 1725951600.00004 -17.2 12.6 -3 15 -9999 -9999 -9999 -9999
GORDON 1725962400.00004 -18.1 12.9 -3 15 -9999 -9999 -9999 -9999
GORDON 1725973200.00004 -19.1 13.2 -3 15 -9999 -9999 -9999 -9999
GORDON 1725984000.00004 -20.1 13.5 -3 15 -9999 -9999 -9999 -9999
GORDON 1725994800.00004 -21.0 13.7 -3 15 -9999 -9999 -9999 -9999
GORDON 1726005600.00004 -21.8 13.8 -3 18 -9999 -9999 -9999 -9999
GORDON 1726016400.00004 -22.5 14.0 -3 20 -9999 -9999 -9999 -9999
GORDON 1726027200.00004 -23.2 14.4 -3 20 -9999 -9999 -9999 -9999
GORDON 1726038000.00004 -23.9 14.8 -3 20 -9999 -9999 -9999 -9999
GORDON 1726048800.00004 -24.6 15.0 -3 23 -9999 -9999 -9999 -9999
GORDON 1726059600.00004 -25.5 15.1 -3 25 -9999 -9999 -9999 -9999
GORDON 1726070400.00004 -26.7 15.4 -3 28 -9999 -9999 -9999 -9999
GORDON 1726081200.00004 -27.9 15.7 -1 30 -9999 -9999 -9999 -9999
GORDON 1726092000.00004 -28.8 15.9 -1 30 -9999 -9999 -9999 -9999
GORDON 1726102800.00004 -29.6 16.0 -1 30 -9999 -9999 -9999 -9999
GORDON 1726113600.00004 -30.3 16.1 -1 30 -9999 -9999 -9999 -9999
GORDON 1726124400.00004 -30.9 16.3 -1 30 -9999 -9999 -9999 -9999
GORDON 1726135200.00004 -31.6 16.6 -1 30 -9999 -9999 -9999 -9999
GORDON 1726146000.00004 -32.3 16.9 -1 30 -9999 -9999 -9999 -9999
GORDON 1726156800.00004 -33.1 17.2 -1 30 -9999 -9999 -9999 -9999
GORDON 1726167600.00004 -33.9 17.5 -1 30 -9999 -9999 -9999 -9999
GORDON 1726178400.00004 -34.7 17.8 -1 30 -9999 -9999 -9999 -9999
GORDON 1726189200.00004 -35.4 18.1 -1 30 -9999 -9999 -9999 -9999
GORDON 1726200000.00004 -36.0 18.3 -1 30 -9999 -9999 -9999 -9999
GORDON 1726210800.00004 -36.5 18.5 -1 30 -9999 -9999 -9999 -9999
GORDON 1726221600.00004 -37.1 18.8 -1 30 -9999 -9999 -9999 -9999
GORDON 1726232400.00004 -37.6 19.0 -1 30 -9999 -9999 -9999 -9999
GORDON 1726243200.00004 -38.0 19.2 -1 33 -9999 -9999 -9999 -9999
GORDON 1726254000.00004 -38.3 19.3 0 35 60 0 0 0
GORDON 1726264800.00004 -38.7 19.5 0 35 60 15 0 0
GORDON 1726275600.00004 -39.1 19.7 0 35 60 30 0 0
GORDON 1726286400.00004 -39.5 19.8 0 38 80 15 0 45
GORDON 1726297200.00004 -39.8 19.9 0 40 100 0 0 90
GORDON 1726308000.00004 -40.1 20.0 0 40 100 0 0 90
GORDON 1726318800.00004 -40.5 20.0 0 40 100 0 0 90
GORDON 1726329600.00004 -40.9 20.0 0 40 110 0 0 95
GORDON 1726340400.00004 -41.3 20.1 0 40 120 0 0 100
GORDON 1726351200.00004 -41.8 20.2 0 40 120 0 0 95
GORDON 1726362000.00004 -42.4 20.3 0 40 120 0 0 90
GORDON 1726372800.00004 -43.0 20.1 0 38 130 0 0 75
GORDON 1726383600.00004 -43.6 19.8 0 35 140 0 0 60
GORDON 1726394400.00004 -44.0 19.7 0 35 105 0 0 65
GORDON 1726405200.00004 -44.4 19.6 0 35 70 0 0 70
GORDON 1726416000.00004 -44.8 19.4 0 35 70 0 0 70
GORDON 1726426800.00004 -45.1 19.3 0 35 70 0 0 70
GORDON 1726437600.00004 -45.4 19.2 -1 33 -9999 -9999 -9999 -9999
GORDON 1726448400.00004 -45.8 19.2 -1 30 -9999 -9999 -9999 -9999
GORDON 1726459200.00004 -46.2 19.1 -1 30 -9999 -9999 -9999 -9999
GORDON 1726470000.00004 -46.5 19.1 -1 30 -9999 -9999 -9999 -9999
GORDON 1726480800.00004 -46.9 19.1 -1 28 -9999 -9999 -9999 -9999
GORDON 1726491600.00004 -47.2 19.1 -1 25 -9999 -9999 -9999 -9999
GORDON 1726502400.00004 -47.5 19.1 -1 28 -9999 -9999 -9999 -9999
GORDON 1726513200.00004 -47.8 19.1 -1 30 -9999 -9999 -9999 -9999
GORDON 1726524000.00004 -48.1 19.1 -1 30 -9999 -9999 -9999 -9999
GORDON 1726534800.00004 -48.3 19.0 -1 30 -9999 -9999 -9999 -9999
GORDON 1726545600.00004 -48.6 18.9 -1 30 -9999 -9999 -9999 -9999
GORDON 1726556400.00004 -48.8 18.9 -1 30 -9999 -9999 -9999 -9999
GORDON 1726567200.00004 -48.9 18.9 -1 30 -9999 -9999 -9999 -9999
GORDON 1726578000.00004 -49.0 18.9 -1 30 -9999 -9999 -9999 -9999
GORDON 1726588800.00004 -49.1 19.0 -1 28 -9999 -9999 -9999 -9999
GORDON 1726599600.00004 -49.1 19.2 -3 25 -9999 -9999 -9999 -9999
GORDON 1726610400.00004 -49.1 19.3 -3 23 -9999 -9999 -9999 -9999
GORDON 1726621200.00004 -49.0 19.5 -3 20 -9999 -9999 -9999 -9999
GORDON 1726632000.00004 -48.9 19.7 -3 20 -9999 -9999 -9999 -9999
GORDON 1726642800.00004 -48.7 19.9 -3 20 -9999 -9999 -9999 -9999
GORDON 1726653600.00004 -48.5 20.2 -3 20 -9999 -9999 -9999 -9999
GORDON 1726664400.00004 -48.3 20.6 -3 20 -9999 -9999 -9999 -9999
GORDON 1726675200.00004 -48.1 21.0 -3 20 -9999 -9999 -9999 -9999
GORDON 1726686000.00004 -47.9 21.5 -3 20 -9999 -9999 -9999 -9999
GORDON 1726696800.00004 -47.7 21.8 -3 20 -9999 -9999 -9999 -9999
GORDON 1726707600.00004 -47.5 22.2 -3 20 -9999 -9999 -9999 -9999
GORDON 1726718400.00004 -47.2 22.6 -3 20 -9999 -9999 -9999 -9999
GORDON 1726729200.00004 -46.9 23.1 -3 20 -9999 -9999 -9999 -9999
GORDON 1726740000.00004 -46.5 23.6 -3 20 -9999 -9999 -9999 -9999
GORDON 1726750800.00004 -46.1 24.1 -3 20 -9999 -9999 -9999 -9999
GORDON 1726761600.00004 -45.6 24.6 -3 20 -9999 -9999 -9999 -9999
GORDON 1726772400.00004 -45.3 25.1 -3 20 -9999 -9999 -9999 -9999
GORDON 1726783200.00004 -45.2 25.6 -3 20 -9999 -9999 -9999 -9999
GORDON 1726794000.00004 -45.2 26.1 -3 20 -9999 -9999 -9999 -9999
GORDON 1726804800.00004 -45.3 26.7 -3 20 -9999 -9999 -9999 -9999
GORDON 1726815600.00004 -45.2 27.1 -3 20 -9999 -9999 -9999 -9999
GORDON 1726826400.00004 -44.7 27.2 -3 23 -9999 -9999 -9999 -9999
GORDON 1726837200.00004 -44.2 27.1 -3 25 -9999 -9999 -9999 -9999
GORDON 1726848000.00004 -43.8 26.9 -3 25 -9999 -9999 -9999 -9999
GORDON 1726858800.00004 -43.6 26.7 -3 25 -9999 -9999 -9999 -9999
GORDON 1726869600.00004 -43.8 26.4 -3 25 -9999 -9999 -9999 -9999
GORDON 1726880400.00004 -43.9 26.2 -3 25 -9999 -9999 -9999 -9999
GORDON 1726891200.00004 -43.2 26.4 -3 25 -9999 -9999 -9999 -9999
GORDON 1726902000.00004 -42.5 26.6 -3 25 -9999 -9999 -9999 -9999
GORDON 1726912800.00004 -42.2 26.4 -3 25 -9999 -9999 -9999 -9999
GORDON 1726923600.00004 -42.2 26.1 -3 25 -9999 -9999 -9999 -9999
GORDON 1726934400.00004 -42.2 25.9 -3 25 -9999 -9999 -9999 -9999
GORDON 1726945200.00004 -42.2 25.7 -3 25 -9999 -9999 -9999 -9999
UNNAMED 1726297200.00004 -75.1 30.9 -3 25 -9999 -9999 -9999 -9999
UNNAMED 1726308000.00004 -75.2 30.9 -3 25 -9999 -9999 -9999 -9999
UNNAMED 1726318800.00004 -75.3 30.8 -3 25 -9999 -9999 -9999 -9999
UNNAMED 1726329600.00004 -75.4 30.7 -3 25 -9999 -9999 -9999 -9999
UNNAMED 1726340400.00004 -75.5 30.7 -3 25 -9999 -9999 -9999 -9999
UNNAMED 1726351200.00004 -75.6 30.7 -3 25 -9999 -9999 -9999 -9999
UNNAMED 1726362000.00004 -75.7 30.7 -3 25 -9999 -9999 -9999 -9999
UNNAMED 1726372800.00004 -75.9 30.7 -3 30 -9999 -9999 -9999 -9999
UNNAMED 1726383600.00004 -76.1 30.7 -4 35 130 0 0 130
UNNAMED 1726394400.00004 -76.4 30.7 -4 35 130 0 0 130
UNNAMED 1726405200.00004 -76.7 30.8 -4 35 130 0 0 130
UNNAMED 1726416000.00004 -77.0 31.0 -4 35 140 0 0 110
UNNAMED 1726426800.00004 -77.3 31.3 -4 35 150 0 0 90
UNNAMED 1726437600.00004 -77.6 31.6 -4 38 150 0 0 90
UNNAMED 1726448400.00004 -77.8 31.8 -4 40 150 0 0 90
UNNAMED 1726459200.00004 -77.8 32.0 -4 40 150 25 0 90
UNNAMED 1726470000.00004 -77.8 32.1 -3 40 150 50 0 90
UNNAMED 1726480800.00004 -77.9 32.2 -3 43 150 25 30 90
UNNAMED 1726491600.00004 -78.0 32.3 -3 45 150 0 60 90
UNNAMED 1726502400.00004 -78.1 32.5 -3 45 150 0 60 80
UNNAMED 1726513200.00004 -78.2 32.8 -3 45 150 0 60 70
UNNAMED 1726524000.00004 -78.3 33.1 -3 40 125 0 30 35
UNNAMED 1726534800.00004 -78.5 33.4 -3 35 100 0 0 0
HELENE 1726966800.00004 -82.7 13.6 -3 20 -9999 -9999 -9999 -9999
HELENE 1726977600.00004 -82.6 13.8 -3 20 -9999 -9999 -9999 -9999
HELENE 1726988400.00004 -82.6 14.0 -3 20 -9999 -9999 -9999 -9999
HELENE 1726999200.00004 -82.6 14.2 -3 20 -9999 -9999 -9999 -9999
HELENE 1727010000.00004 -82.6 14.4 -3 20 -9999 -9999 -9999 -9999
HELENE 1727020800.00004 -82.6 14.6 -3 20 -9999 -9999 -9999 -9999
HELENE 1727031600.00004 -82.6 14.8 -3 20 -9999 -9999 -9999 -9999
HELENE 1727042400.00004 -82.6 15.0 -3 20 -9999 -9999 -9999 -9999
HELENE 1727053200.00004 -82.6 15.2 -3 20 -9999 -9999 -9999 -9999
HELENE 1727064000.00004 -82.6 15.4 -3 20 -9999 -9999 -9999 -9999
HELENE 1727074800.00004 -82.5 15.6 -3 20 -9999 -9999 -9999 -9999
HELENE 1727085600.00004 -82.3 15.7 -3 23 -9999 -9999 -9999 -9999
HELENE 1727096400.00004 -82.0 16.0 -3 25 -9999 -9999 -9999 -9999
HELENE 1727107200.00004 -81.9 16.6 -3 25 -9999 -9999 -9999 -9999
HELENE 1727118000.00004 -81.8 17.2 -3 25 -9999 -9999 -9999 -9999
HELENE 1727128800.00004 -81.8 17.6 -3 28 -9999 -9999 -9999 -9999
HELENE 1727139600.00004 -81.9 17.9 -3 30 -9999 -9999 -9999 -9999
HELENE 1727150400.00004 -82.0 18.1 -3 30 -9999 -9999 -9999 -9999
HELENE 1727161200.00004 -82.1 18.2 -3 30 -9999 -9999 -9999 -9999
HELENE 1727172000.00004 -82.3 18.4 -3 30 -9999 -9999 -9999 -9999
HELENE 1727182800.00004 -82.7 18.6 -3 30 -9999 -9999 -9999 -9999
HELENE 1727193600.00004 -83.1 18.9 -3 35 50 60 -9999 -9999
HELENE 1727204400.00004 -83.6 19.2 0 40 100 120 0 0
HELENE 1727215200.00004 -84.1 19.3 0 43 125 135 0 0
HELENE 1727226000.00004 -84.6 19.4 0 45 150 150 0 0
HELENE 1727236800.00004 -84.9 19.5 0 48 150 150 0 0
HELENE 1727247600.00004 -85.2 19.7 0 50 150 150 0 0
HELENE 1727258400.00004 -85.6 20.0 0 53 150 150 25 40
HELENE 1727269200.00004 -85.9 20.3 0 55 150 150 50 80
HELENE 1727280000.00004 -86.1 20.7 0 60 180 195 55 85
HELENE 1727290800.00004 -86.2 21.1 1 65 210 240 60 90
HELENE 1727301600.00004 -86.4 21.6 1 70 210 270 75 105
HELENE 1727312400.00004 -86.6 22.0 1 75 210 300 90 120
HELENE 1727323200.00004 -86.7 22.4 1 75 210 300 90 120
HELENE 1727334000.00004 -86.7 22.8 1 75 210 300 90 120
HELENE 1727344800.00004 -86.7 23.2 1 75 230 300 95 120
HELENE 1727355600.00004 -86.5 23.6 1 75 250 300 100 120
HELENE 1727366400.00004 -86.3 24.1 1 80 250 300 100 120
HELENE 1727377200.00004 -85.9 24.7 2 85 250 300 100 120
HELENE 1727388000.00004 -85.4 25.6 2 95 245 285 100 120
HELENE 1727398800.00004 -84.9 26.7 3 105 240 270 100 120
HELENE 1727409600.00004 -84.6 27.7 4 113 240 270 100 120
HELENE 1727420400.00004 -84.3 28.7 4 120 240 270 100 120
HELENE 1727431200.00004 -83.8 29.9 3 100 240 270 100 90
HELENE 1727442000.00004 -83.3 31.3 1 80 240 270 100 60
HELENE 1727452800.00004 -83.1 32.9 0 63 180 285 50 30
HELENE 1727463600.00004 -83.2 34.4 0 45 120 300 0 0
HELENE 1727474400.00004 -83.9 35.7 0 38 60 150 -9999 -9999
HELENE 1727485200.00004 -84.9 36.7 -4 30 -9999 -9999 -9999 -9999
HELENE 1727496000.00004 -85.8 37.6 -4 28 -9999 -9999 -9999 -9999
HELENE 1727506800.00004 -86.6 38.1 -4 25 -9999 -9999 -9999 -9999
HELENE 1727517600.00004 -87.5 37.9 -4 23 -9999 -9999 -9999 -9999
HELENE 1727528400.00004 -88.0 37.4 -4 20 -9999 -9999 -9999 -9999
HELENE 1727539200.00004 -88.0 37.0 -4 18 -9999 -9999 -9999 -9999
HELENE 1727550000.00004 -87.6 36.6 -4 15 -9999 -9999 -9999 -9999
JOYCE 1727182800.00004 -25.6 13.9 -3 15 -9999 -9999 -9999 -9999
JOYCE 1727193600.00004 -26.3 13.9 -3 15 -9999 -9999 -9999 -9999
JOYCE 1727204400.00004 -27.0 13.9 -3 15 -9999 -9999 -9999 -9999
JOYCE 1727215200.00004 -27.6 14.0 -3 15 -9999 -9999 -9999 -9999
JOYCE 1727226000.00004 -28.2 14.1 -3 15 -9999 -9999 -9999 -9999
JOYCE 1727236800.00004 -29.0 14.1 -3 15 -9999 -9999 -9999 -9999
JOYCE 1727247600.00004 -29.9 14.2 -3 15 -9999 -9999 -9999 -9999
JOYCE 1727258400.00004 -30.7 14.3 -3 18 -9999 -9999 -9999 -9999
JOYCE 1727269200.00004 -31.4 14.5 -3 20 -9999 -9999 -9999 -9999
JOYCE 1727280000.00004 -32.1 14.6 -3 20 -9999 -9999 -9999 -9999
JOYCE 1727290800.00004 -32.8 14.7 -3 20 -9999 -9999 -9999 -9999
JOYCE 1727301600.00004 -33.3 14.8 -3 20 -9999 -9999 -9999 -9999
JOYCE 1727312400.00004 -33.9 14.8 -3 20 -9999 -9999 -9999 -9999
JOYCE 1727323200.00004 -34.8 14.8 -3 20 -9999 -9999 -9999 -9999
JOYCE 1727334000.00004 -35.6 14.9 -3 20 -9999 -9999 -9999 -9999
JOYCE 1727344800.00004 -36.2 15.0 -3 20 -9999 -9999 -9999 -9999
JOYCE 1727355600.00004 -36.7 15.1 -3 20 -9999 -9999 -9999 -9999
JOYCE 1727366400.00004 -37.2 15.2 -3 25 -9999 -9999 -9999 -9999
JOYCE 1727377200.00004 -37.7 15.3 -3 30 -9999 -9999 -9999 -9999
JOYCE 1727388000.00004 -38.3 15.5 -3 30 -9999 -9999 -9999 -9999
JOYCE 1727398800.00004 -39.0 15.8 -3 30 -9999 -9999 -9999 -9999
JOYCE 1727409600.00004 -39.5 15.9 -3 30 -9999 -9999 -9999 -9999
JOYCE 1727420400.00004 -40.1 16.1 -3 30 -9999 -9999 -9999 -9999
JOYCE 1727431200.00004 -40.9 16.5 -3 30 -9999 -9999 -9999 -9999
JOYCE 1727442000.00004 -41.6 17.0 -3 30 -9999 -9999 -9999 -9999
JOYCE 1727452800.00004 -42.0 17.4 -3 33 -9999 -9999 -9999 -9999
JOYCE 1727463600.00004 -42.4 17.8 0 35 60 0 0 0
JOYCE 1727474400.00004 -42.9 18.1 0 40 60 0 0 30
JOYCE 1727485200.00004 -43.4 18.3 0 45 60 0 0 60
JOYCE 1727496000.00004 -43.8 18.5 0 45 50 10 10 75
JOYCE 1727506800.00004 -44.2 18.7 0 45 40 20 20 90
JOYCE 1727517600.00004 -44.6 19.0 0 45 40 20 20 90
JOYCE 1727528400.00004 -44.9 19.3 0 45 40 20 20 90
JOYCE 1727539200.00004 -45.3 19.6 0 45 50 20 20 105
JOYCE 1727550000.00004 -45.6 19.8 0 45 60 20 20 120
JOYCE 1727560800.00004 -45.9 19.9 0 43 60 20 10 110
JOYCE 1727571600.00004 -46.3 20.1 0 40 60 20 0 100
JOYCE 1727582400.00004 -46.7 20.4 0 40 60 20 0 95
JOYCE 1727593200.00004 -47.1 20.7 0 40 60 20 0 90
JOYCE 1727604000.00004 -47.5 20.9 0 40 75 20 0 75
JOYCE 1727614800.00004 -47.8 21.1 0 40 90 20 0 60
JOYCE 1727625600.00004 -48.1 21.2 0 40 90 10 0 55
JOYCE 1727636400.00004 -48.3 21.4 0 40 90 0 0 50
JOYCE 1727647200.00004 -48.6 21.7 0 38 90 0 0 50
JOYCE 1727658000.00004 -48.9 22.0 0 35 90 0 0 50
JOYCE 1727668800.00004 -49.2 22.2 -1 33 -9999 -9999 -9999 -9999
JOYCE 1727679600.00004 -49.4 22.2 -1 30 -9999 -9999 -9999 -9999
JOYCE 1727690400.00004 -49.6 22.1 -1 30 -9999 -9999 -9999 -9999
JOYCE 1727701200.00004 -49.6 22.1 -1 30 -9999 -9999 -9999 -9999
JOYCE 1727712000.00004 -49.6 22.2 -1 30 -9999 -9999 -9999 -9999
JOYCE 1727722800.00004 -49.4 22.3 -1 30 -9999 -9999 -9999 -9999
JOYCE 1727733600.00004 -49.1 22.4 -1 30 -9999 -9999 -9999 -9999
JOYCE 1727744400.00004 -48.9 22.5 -1 30 -9999 -9999 -9999 -9999
JOYCE 1727755200.00004 -48.8 22.7 -1 30 -9999 -9999 -9999 -9999
JOYCE 1727766000.00004 -48.9 22.9 -1 30 -9999 -9999 -9999 -9999
ISAAC 1727182800.00004 -57.9 38.8 -4 35 0 0 0 70
ISAAC 1727193600.00004 -58.1 38.6 -4 38 0 0 0 70
ISAAC 1727204400.00004 -58.3 38.5 -4 40 0 0 0 70
ISAAC 1727215200.00004 -58.4 38.5 -4 40 0 0 0 70
ISAAC 1727226000.00004 -58.5 38.4 -4 40 0 0 0 70
ISAAC 1727236800.00004 -58.7 38.2 -4 45 50 0 0 85
ISAAC 1727247600.00004 -58.8 38.0 -4 50 100 0 0 100
ISAAC 1727258400.00004 -58.8 37.6 -4 50 120 0 25 110
ISAAC 1727269200.00004 -58.5 37.3 -4 50 140 0 50 120
ISAAC 1727280000.00004 -58.0 37.2 -4 50 140 0 50 120
ISAAC 1727290800.00004 -57.4 37.1 -4 50 140 0 50 120
ISAAC 1727301600.00004 -56.7 37.0 -4 48 165 0 60 130
ISAAC 1727312400.00004 -56.0 36.9 -4 45 190 0 70 140
ISAAC 1727323200.00004 -55.3 36.9 -4 45 190 15 60 140
ISAAC 1727334000.00004 -54.7 37.0 0 45 190 30 50 140
ISAAC 1727344800.00004 -54.0 37.0 0 45 125 40 50 100
ISAAC 1727355600.00004 -53.4 37.1 0 45 60 50 50 60
ISAAC 1727366400.00004 -52.8 37.1 0 45 60 50 50 60
ISAAC 1727377200.00004 -52.3 37.2 0 45 60 50 50 60
ISAAC 1727388000.00004 -51.7 37.3 0 45 45 45 50 50
ISAAC 1727398800.00004 -51.1 37.3 0 45 30 40 50 40
ISAAC 1727409600.00004 -50.7 37.2 0 48 30 40 50 40
ISAAC 1727420400.00004 -50.3 37.1 0 50 30 40 50 40
ISAAC 1727431200.00004 -49.8 37.0 0 55 35 50 55 50
ISAAC 1727442000.00004 -49.2 37.0 0 60 40 60 60 60
ISAAC 1727452800.00004 -48.5 37.0 0 63 40 70 60 60
ISAAC 1727463600.00004 -47.7 37.1 1 65 40 80 60 60
ISAAC 1727474400.00004 -47.0 37.3 1 70 40 80 65 60
ISAAC 1727485200.00004 -46.2 37.5 1 75 40 80 70 60
ISAAC 1727496000.00004 -45.3 37.7 1 78 45 105 90 55
ISAAC 1727506800.00004 -44.3 37.9 1 80 50 130 110 50
ISAAC 1727517600.00004 -43.2 38.3 2 85 50 130 110 50
ISAAC 1727528400.00004 -42.2 38.8 2 90 50 130 110 50
ISAAC 1727539200.00004 -41.2 39.3 2 90 110 130 120 60
ISAAC 1727550000.00004 -40.4 39.7 2 90 170 130 130 70
ISAAC 1727560800.00004 -39.8 40.1 2 88 170 130 130 80
ISAAC 1727571600.00004 -39.2 40.5 2 85 170 130 130 90
ISAAC 1727582400.00004 -38.6 41.0 1 80 175 130 125 125
ISAAC 1727593200.00004 -38.0 41.5 1 75 180 130 120 160
ISAAC 1727604000.00004 -37.5 41.9 1 73 180 130 120 160
ISAAC 1727614800.00004 -37.0 42.3 1 70 180 130 120 160
ISAAC 1727625600.00004 -36.6 42.6 1 68 180 130 120 160
ISAAC 1727636400.00004 -36.2 42.9 1 65 180 130 120 160
ISAAC 1727647200.00004 -35.9 43.2 0 63 190 130 120 160
ISAAC 1727658000.00004 -35.5 43.5 0 60 200 130 120 160
ISAAC 1727668800.00004 -34.7 43.8 0 58 200 130 135 175
ISAAC 1727679600.00004 -33.7 44.1 0 55 200 130 150 190
ISAAC 1727690400.00004 -32.9 44.3 0 55 200 130 150 190
ISAAC 1727701200.00004 -32.0 44.5 0 55 200 130 150 190
ISAAC 1727712000.00004 -31.0 44.6 0 53 160 140 145 175
ISAAC 1727722800.00004 -30.0 44.6 -4 50 120 150 140 160
KIRK 1727485200.00004 -25.2 14.7 -3 25 -9999 -9999 -9999 -9999
KIRK 1727496000.00004 -25.8 14.7 -3 25 -9999 -9999 -9999 -9999
KIRK 1727506800.00004 -26.4 14.7 -3 25 -9999 -9999 -9999 -9999
KIRK 1727517600.00004 -27.0 14.6 -3 25 -9999 -9999 -9999 -9999
KIRK 1727528400.00004 -27.7 14.5 -3 25 -9999 -9999 -9999 -9999
KIRK 1727539200.00004 -28.4 14.4 -3 25 -9999 -9999 -9999 -9999
KIRK 1727550000.00004 -29.1 14.3 -3 25 -9999 -9999 -9999 -9999
KIRK 1727560800.00004 -29.7 14.2 -3 25 -9999 -9999 -9999 -9999
KIRK 1727571600.00004 -30.2 14.0 -3 25 -9999 -9999 -9999 -9999
KIRK 1727582400.00004 -30.5 13.8 -3 25 -9999 -9999 -9999 -9999
KIRK 1727593200.00004 -30.7 13.7 -3 25 -9999 -9999 -9999 -9999
KIRK 1727604000.00004 -31.0 13.7 -3 25 -9999 -9999 -9999 -9999
KIRK 1727614800.00004 -31.2 13.7 -3 25 -9999 -9999 -9999 -9999
KIRK 1727625600.00004 -31.4 13.7 -3 28 -9999 -9999 -9999 -9999
KIRK 1727636400.00004 -31.6 13.7 -3 30 -9999 -9999 -9999 -9999
KIRK 1727647200.00004 -31.8 13.7 -3 30 -9999 -9999 -9999 -9999
KIRK 1727658000.00004 -32.1 13.8 -1 30 -9999 -9999 -9999 -9999
KIRK 1727668800.00004 -32.4 13.8 -1 30 -9999 -9999 -9999 -9999
KIRK 1727679600.00004 -32.8 13.8 -1 30 -9999 -9999 -9999 -9999
KIRK 1727690400.00004 -33.1 13.7 -1 33 -9999 -9999 -9999 -9999
KIRK 1727701200.00004 -33.4 13.6 0 35 60 0 0 0
KIRK 1727712000.00004 -33.8 13.5 0 40 80 40 30 40
KIRK 1727722800.00004 -34.3 13.4 0 45 100 80 60 80
KIRK 1727733600.00004 -34.8 13.5 0 48 100 80 60 80
KIRK 1727744400.00004 -35.3 13.7 0 50 100 80 60 80
KIRK 1727755200.00004 -35.8 13.9 0 50 115 100 30 80
KIRK 1727766000.00004 -36.3 14.2 0 50 130 120 0 80
KIRK 1727776800.00004 -36.9 14.5 0 50 135 125 0 90
KIRK 1727787600.00004 -37.5 14.7 0 50 140 130 0 100
KIRK 1727798400.00004 -38.1 14.8 0 55 155 140 35 110
KIRK 1727809200.00004 -38.7 15.0 0 60 170 150 70 120
KIRK 1727820000.00004 -39.2 15.4 0 63 170 160 70 125
KIRK 1727830800.00004 -39.7 15.9 1 65 170 170 70 130
KIRK 1727841600.00004 -40.0 16.2 1 65 170 170 70 130
KIRK 1727852400.00004 -40.4 16.4 1 65 170 170 70 130
KIRK 1727863200.00004 -41.0 16.8 1 68 170 170 70 125
KIRK 1727874000.00004 -41.7 17.2 1 70 170 170 70 120
KIRK 1727884800.00004 -42.2 17.4 1 73 170 175 70 120
KIRK 1727895600.00004 -42.6 17.7 1 75 170 180 70 120
KIRK 1727906400.00004 -43.1 18.1 1 78 180 185 75 125
KIRK 1727917200.00004 -43.5 18.5 1 80 190 190 80 130
KIRK 1727928000.00004 -43.8 18.8 2 93 175 170 80 125
KIRK 1727938800.00004 -44.1 19.0 3 105 160 150 80 120
KIRK 1727949600.00004 -44.4 19.3 3 105 160 150 80 120
KIRK 1727960400.00004 -44.7 19.6 3 105 160 150 80 120
KIRK 1727971200.00004 -45.1 19.9 3 108 160 150 80 120
KIRK 1727982000.00004 -45.5 20.1 3 110 160 150 80 120
KIRK 1727992800.00004 -45.9 20.4 3 110 160 150 80 120
KIRK 1728003600.00004 -46.3 20.7 3 110 160 150 80 120
KIRK 1728014400.00004 -46.7 20.9 4 118 160 150 100 120
KIRK 1728025200.00004 -47.1 21.1 4 125 160 150 120 120
KIRK 1728036000.00004 -47.4 21.5 4 125 165 160 115 125
KIRK 1728046800.00004 -47.8 21.9 4 125 170 170 110 130
KIRK 1728057600.00004 -48.2 22.2 4 123 170 170 115 135
KIRK 1728068400.00004 -48.6 22.5 4 120 170 170 120 140
KIRK 1728079200.00004 -48.9 22.9 4 118 180 170 120 140
KIRK 1728090000.00004 -49.1 23.3 4 115 190 170 120 140
KIRK 1728100800.00004 -49.4 23.8 4 115 190 175 120 140
KIRK 1728111600.00004 -49.7 24.3 4 115 190 180 120 140
KIRK 1728122400.00004 -49.9 24.8 4 113 190 180 120 140
KIRK 1728133200.00004 -50.1 25.4 3 110 190 180 120 140
KIRK 1728144000.00004 -50.3 26.0 3 108 195 185 130 140
KIRK 1728154800.00004 -50.4 26.7 3 105 200 190 140 140
KIRK 1728165600.00004 -50.3 27.7 3 105 200 190 140 140
KIRK 1728176400.00004 -50.2 28.7 3 105 200 190 140 140
KIRK 1728187200.00004 -50.1 29.5 3 103 200 190 140 140
KIRK 1728198000.00004 -50.0 30.4 3 100 200 190 140 140
KIRK 1728208800.00004 -49.8 31.5 3 98 200 195 150 150
KIRK 1728219600.00004 -49.5 32.6 2 95 200 200 160 160
KIRK 1728230400.00004 -49.1 33.7 2 90 230 220 175 185
KIRK 1728241200.00004 -48.5 34.7 2 85 260 240 190 210
KIRK 1728252000.00004 -48.0 35.5 2 83 260 240 190 210
KIRK 1728262800.00004 -47.3 36.2 1 80 260 240 190 210
KIRK 1728273600.00004 -46.1 37.0 1 75 260 255 190 210
KIRK 1728284400.00004 -44.7 37.9 1 70 260 270 190 210
KIRK 1728295200.00004 -43.5 38.7 1 68 260 270 190 210
KIRK 1728306000.00004 -42.4 39.5 1 65 260 270 190 210
KIRK 1728316800.00004 -41.2 40.3 1 65 255 270 200 205
KIRK 1728327600.00004 -39.9 41.2 -4 65 250 270 210 200
LESLIE 1727658000.00004 -21.4 10.4 -3 20 -9999 -9999 -9999 -9999
LESLIE 1727668800.00004 -21.8 10.4 -3 20 -9999 -9999 -9999 -9999
LESLIE 1727679600.00004 -22.1 10.4 -3 20 -9999 -9999 -9999 -9999
LESLIE 1727690400.00004 -22.4 10.4 -3 20 -9999 -9999 -9999 -9999
LESLIE 1727701200.00004 -22.7 10.3 -3 20 -9999 -9999 -9999 -9999
LESLIE 1727712000.00004 -23.1 10.2 -3 20 -9999 -9999 -9999 -9999
LESLIE 1727722800.00004 -23.4 10.2 -3 20 -9999 -9999 -9999 -9999
LESLIE 1727733600.00004 -23.7 10.2 -3 23 -9999 -9999 -9999 -9999
LESLIE 1727744400.00004 -23.9 10.2 -3 25 -9999 -9999 -9999 -9999
LESLIE 1727755200.00004 -24.2 10.2 -3 25 -9999 -9999 -9999 -9999
LESLIE 1727766000.00004 -24.4 10.2 -3 25 -9999 -9999 -9999 -9999
LESLIE 1727776800.00004 -24.7 10.2 -3 25 -9999 -9999 -9999 -9999
LESLIE 1727787600.00004 -24.9 10.2 -3 25 -9999 -9999 -9999 -9999
LESLIE 1727798400.00004 -25.1 10.3 -3 25 -9999 -9999 -9999 -9999
LESLIE 1727809200.00004 -25.4 10.5 -3 25 -9999 -9999 -9999 -9999
LESLIE 1727820000.00004 -25.6 10.6 -3 28 -9999 -9999 -9999 -9999
LESLIE 1727830800.00004 -25.9 10.6 -3 30 -9999 -9999 -9999 -9999
LESLIE 1727841600.00004 -26.3 10.7 -3 30 -9999 -9999 -9999 -9999
LESLIE 1727852400.00004 -26.7 10.7 -3 30 -9999 -9999 -9999 -9999
LESLIE 1727863200.00004 -27.2 10.7 -3 30 -9999 -9999 -9999 -9999
LESLIE 1727874000.00004 -27.7 10.6 -3 30 -9999 -9999 -9999 -9999
LESLIE 1727884800.00004 -28.3 10.6 -3 30 -9999 -9999 -9999 -9999
LESLIE 1727895600.00004 -28.8 10.6 -1 30 -9999 -9999 -9999 -9999
LESLIE 1727906400.00004 -29.1 10.6 -1 30 -9999 -9999 -9999 -9999
LESLIE 1727917200.00004 -29.3 10.5 -1 30 -9999 -9999 -9999 -9999
LESLIE 1727928000.00004 -29.6 10.4 -1 33 -9999 -9999 -9999 -9999
LESLIE 1727938800.00004 -29.8 10.4 0 35 50 0 0 0
LESLIE 1727949600.00004 -30.0 10.4 0 35 50 0 0 0
LESLIE 1727960400.00004 -30.2 10.3 0 35 50 0 0 0
LESLIE 1727971200.00004 -30.4 10.2 0 38 45 15 15 15
LESLIE 1727982000.00004 -30.7 10.0 0 40 40 30 30 30
LESLIE 1727992800.00004 -31.0 9.9 0 43 40 30 30 30
LESLIE 1728003600.00004 -31.3 9.8 0 45 40 30 30 30
LESLIE 1728014400.00004 -31.6 9.7 0 45 40 30 40 40
LESLIE 1728025200.00004 -31.8 9.7 0 45 40 30 50 50
LESLIE 1728036000.00004 -32.0 9.7 0 48 40 30 50 50
LESLIE 1728046800.00004 -32.2 9.7 0 50 40 30 50 50
LESLIE 1728057600.00004 -32.4 9.8 0 53 40 30 50 50
LESLIE 1728068400.00004 -32.7 9.9 0 55 40 30 50 50
LESLIE 1728079200.00004 -33.0 10.1 0 58 45 35 50 55
LESLIE 1728090000.00004 -33.3 10.2 0 60 50 40 50 60
LESLIE 1728100800.00004 -33.6 10.3 0 63 50 40 50 60
LESLIE 1728111600.00004 -33.9 10.3 1 65 50 40 50 60
LESLIE 1728122400.00004 -34.2 10.4 1 68 50 40 50 60
LESLIE 1728133200.00004 -34.5 10.5 1 70 50 40 50 60
LESLIE 1728144000.00004 -34.9 10.7 1 70 70 40 45 70
LESLIE 1728154800.00004 -35.2 10.9 1 70 90 40 40 80
LESLIE 1728165600.00004 -35.4 11.1 1 70 90 40 40 80
LESLIE 1728176400.00004 -35.7 11.4 1 70 90 40 40 80
LESLIE 1728187200.00004 -36.1 11.6 1 70 85 45 40 75
LESLIE 1728198000.00004 -36.5 11.9 1 70 80 50 40 70
LESLIE 1728208800.00004 -36.8 12.3 1 70 80 50 40 70
LESLIE 1728219600.00004 -37.1 12.6 1 70 80 50 40 70
LESLIE 1728230400.00004 -37.4 12.8 1 75 80 50 40 70
LESLIE 1728241200.00004 -37.6 13.0 1 80 80 50 40 70
LESLIE 1728252000.00004 -37.9 13.3 1 80 80 50 40 85
LESLIE 1728262800.00004 -38.2 13.7 1 80 80 50 40 100
LESLIE 1728273600.00004 -38.6 14.1 1 80 85 50 40 100
LESLIE 1728284400.00004 -39.1 14.5 1 80 90 50 40 100
LESLIE 1728295200.00004 -39.6 14.8 1 80 85 55 40 95
LESLIE 1728306000.00004 -40.0 15.2 1 80 80 60 40 90
LESLIE 1728316800.00004 -40.4 15.6 1 78 80 60 40 90
LESLIE 1728327600.00004 -40.9 16.0 1 75 80 60 40 90
LESLIE 1728338400.00004 -41.4 16.4 1 73 80 60 40 90
LESLIE 1728349200.00004 -41.9 16.8 1 70 80 60 40 90
LESLIE 1728360000.00004 -42.4 17.2 1 68 80 60 40 90
LESLIE 1728370800.00004 -42.9 17.6 1 65 80 60 40 90
LESLIE 1728381600.00004 -43.4 18.0 0 63 80 60 40 90
LESLIE 1728392400.00004 -44.0 18.4 0 60 80 60 40 90
LESLIE 1728403200.00004 -44.6 18.7 0 60 80 60 40 90
LESLIE 1728414000.00004 -45.1 19.0 0 60 80 60 40 90
LESLIE 1728424800.00004 -45.6 19.3 0 63 75 60 40 90
LESLIE 1728435600.00004 -46.1 19.7 1 65 70 60 40 90
LESLIE 1728446400.00004 -46.4 20.1 1 68 70 60 40 90
LESLIE 1728457200.00004 -46.7 20.4 1 70 70 60 40 90
LESLIE 1728468000.00004 -47.1 20.7 1 70 80 60 50 85
LESLIE 1728478800.00004 -47.5 20.9 1 70 90 60 60 80
LESLIE 1728489600.00004 -47.9 21.1 1 73 90 60 60 80
LESLIE 1728500400.00004 -48.2 21.4 1 75 90 60 60 80
LESLIE 1728511200.00004 -48.5 21.7 1 78 75 60 60 70
LESLIE 1728522000.00004 -48.8 21.9 1 80 60 60 60 60
LESLIE 1728532800.00004 -48.9 22.1 2 85 65 65 60 65
LESLIE 1728543600.00004 -49.0 22.3 2 90 70 70 60 70
LESLIE 1728554400.00004 -49.3 22.5 2 90 70 70 60 70
LESLIE 1728565200.00004 -49.6 22.6 2 90 70 70 60 70
LESLIE 1728576000.00004 -49.9 22.7 2 88 70 70 60 70
LESLIE 1728586800.00004 -50.2 22.9 2 85 70 70 60 70
LESLIE 1728597600.00004 -50.5 23.2 1 75 70 70 60 70
LESLIE 1728608400.00004 -50.8 23.5 1 65 70 70 60 70
LESLIE 1728619200.00004 -51.0 23.8 0 60 75 75 65 60
LESLIE 1728630000.00004 -51.1 24.1 0 55 80 80 70 50
LESLIE 1728640800.00004 -51.1 24.5 0 53 80 80 65 50
LESLIE 1728651600.00004 -51.1 24.9 0 50 80 80 60 50
LESLIE 1728662400.00004 -51.0 25.3 0 48 75 85 60 25
LESLIE 1728673200.00004 -50.8 25.8 0 45 70 90 60 0
LESLIE 1728684000.00004 -50.5 26.4 0 45 70 90 60 0
LESLIE 1728694800.00004 -50.0 27.0 0 45 70 90 60 0
LESLIE 1728705600.00004 -49.5 27.6 0 45 70 90 60 0
LESLIE 1728716400.00004 -48.8 28.4 0 45 70 90 60 0
LESLIE 1728727200.00004 -48.0 29.4 0 45 70 90 60 0
LESLIE 1728738000.00004 -47.1 30.4 0 45 70 90 60 0
LESLIE 1728748800.00004 -46.0 31.4 0 45 75 105 60 0
LESLIE 1728759600.00004 -44.9 32.4 -3 45 80 120 60 0
MILTON 1728025200.00004 -94.7 20.6 -3 25 -9999 -9999 -9999 -9999
MILTON 1728036000.00004 -94.8 20.7 -3 25 -9999 -9999 -9999 -9999
MILTON 1728046800.00004 -94.9 20.7 -3 25 -9999 -9999 -9999 -9999
MILTON 1728057600.00004 -95.0 20.7 -3 25 -9999 -9999 -9999 -9999
MILTON 1728068400.00004 -95.0 20.8 -3 25 -9999 -9999 -9999 -9999
MILTON 1728079200.00004 -95.1 20.8 -3 25 -9999 -9999 -9999 -9999
MILTON 1728090000.00004 -95.1 20.9 -3 25 -9999 -9999 -9999 -9999
MILTON 1728100800.00004 -95.1 21.0 -3 28 -9999 -9999 -9999 -9999
MILTON 1728111600.00004 -95.2 21.1 -3 30 -9999 -9999 -9999 -9999
MILTON 1728122400.00004 -95.3 21.3 -3 30 -9999 -9999 -9999 -9999
MILTON 1728133200.00004 -95.4 21.6 -3 30 -9999 -9999 -9999 -9999
MILTON 1728144000.00004 -95.5 21.9 -3 30 -9999 -9999 -9999 -9999
MILTON 1728154800.00004 -95.5 22.1 -1 30 -9999 -9999 -9999 -9999
MILTON 1728165600.00004 -95.5 22.3 -1 33 -9999 -9999 -9999 -9999
MILTON 1728176400.00004 -95.5 22.5 0 35 20 30 30 20
MILTON 1728187200.00004 -95.5 22.6 0 35 20 30 30 20
MILTON 1728198000.00004 -95.5 22.7 0 35 20 30 30 20
MILTON 1728208800.00004 -95.4 22.7 0 40 20 30 30 20
MILTON 1728219600.00004 -95.2 22.6 0 45 20 30 30 20
MILTON 1728230400.00004 -95.0 22.5 0 50 25 40 30 25
MILTON 1728241200.00004 -94.8 22.5 0 55 30 50 30 30
MILTON 1728252000.00004 -94.5 22.5 0 63 40 60 45 40
MILTON 1728262800.00004 -94.1 22.5 1 70 50 70 60 50
MILTON 1728273600.00004 -93.7 22.5 1 73 55 70 65 60
MILTON 1728284400.00004 -93.4 22.5 1 75 60 70 70 70
MILTON 1728295200.00004 -93.2 22.4 2 83 60 70 70 70
MILTON 1728306000.00004 -92.9 22.2 2 90 60 70 70 70
MILTON 1728316800.00004 -92.6 22.0 3 105 65 70 70 70
MILTON 1728327600.00004 -92.2 21.8 4 120 70 70 70 70
MILTON 1728338400.00004 -91.8 21.7 4 135 70 70 70 70
MILTON 1728349200.00004 -91.3 21.7 5 150 70 70 70 70
MILTON 1728360000.00004 -90.9 21.7 5 150 70 70 70 70
MILTON 1728370800.00004 -90.4 21.8 5 150 70 70 70 70
MILTON 1728381600.00004 -89.9 21.9 5 143 80 75 75 80
MILTON 1728392400.00004 -89.5 22.0 4 135 90 80 80 90
MILTON 1728403200.00004 -89.1 22.3 4 133 90 80 80 90
MILTON 1728414000.00004 -88.8 22.5 4 130 90 80 80 90
MILTON 1728424800.00004 -88.5 22.5 5 138 85 80 80 105
MILTON 1728435600.00004 -88.1 22.5 5 145 80 80 80 120
MILTON 1728446400.00004 -87.5 22.7 5 143 80 80 80 120
MILTON 1728457200.00004 -86.9 23.0 5 140 80 80 80 120
MILTON 1728468000.00004 -86.4 23.3 5 140 90 90 90 115
MILTON 1728478800.00004 -85.9 23.8 5 140 100 100 100 110
MILTON 1728489600.00004 -85.3 24.4 5 138 120 110 115 130
MILTON 1728500400.00004 -84.8 25.0 4 135 140 120 130 150
MILTON 1728511200.00004 -84.4 25.7 4 125 160 145 120 185
MILTON 1728522000.00004 -83.9 26.3 4 115 180 170 110 220
MILTON 1728532800.00004 -83.3 26.8 3 110 180 170 110 220
MILTON 1728543600.00004 -82.7 27.2 3 105 180 170 110 220
MILTON 1728554400.00004 -82.0 27.7 2 93 180 170 110 200
MILTON 1728565200.00004 -81.3 28.2 1 80 180 170 110 180
MILTON 1728576000.00004 -80.4 28.6 1 75 225 175 115 190
MILTON 1728586800.00004 -79.5 28.9 1 70 270 180 120 200
MILTON 1728597600.00004 -78.5 29.2 1 65 270 170 140 210
MILTON 1728608400.00004 -77.5 29.5 -4 60 270 160 160 220
OSCAR 1728500400.00004 -11.8 12.8 -3 20 -9999 -9999 -9999 -9999
OSCAR 1728511200.00004 -12.8 13.1 -3 20 -9999 -9999 -9999 -9999
OSCAR 1728522000.00004 -13.7 13.3 -3 20 -9999 -9999 -9999 -9999
OSCAR 1728532800.00004 -14.6 13.5 -3 20 -9999 -9999 -9999 -9999
OSCAR 1728543600.00004 -15.5 13.6 -3 20 -9999 -9999 -9999 -9999
OSCAR 1728554400.00004 -16.4 13.6 -3 23 -9999 -9999 -9999 -9999
OSCAR 1728565200.00004 -17.3 13.7 -3 25 -9999 -9999 -9999 -9999
OSCAR 1728576000.00004 -18.1 13.8 -3 25 -9999 -9999 -9999 -9999
OSCAR 1728586800.00004 -18.9 14.0 -3 25 -9999 -9999 -9999 -9999
OSCAR 1728597600.00004 -19.8 14.2 -3 25 -9999 -9999 -9999 -9999
OSCAR 1728608400.00004 -20.6 14.4 -3 25 -9999 -9999 -9999 -9999
OSCAR 1728619200.00004 -21.4 14.5 -3 28 -9999 -9999 -9999 -9999
OSCAR 1728630000.00004 -22.1 14.5 -3 30 -9999 -9999 -9999 -9999
OSCAR 1728640800.00004 -22.8 14.6 -3 30 -9999 -9999 -9999 -9999
OSCAR 1728651600.00004 -23.6 14.7 -3 30 -9999 -9999 -9999 -9999
OSCAR 1728662400.00004 -24.4 14.7 -3 33 -9999 -9999 -9999 -9999
OSCAR 1728673200.00004 -25.1 14.8 -3 35 120 0 0 0
OSCAR 1728684000.00004 -25.7 15.1 -3 35 120 0 0 0
OSCAR 1728694800.00004 -26.3 15.5 -3 35 120 0 0 0
OSCAR 1728705600.00004 -26.9 15.9 -3 35 120 0 0 0
OSCAR 1728716400.00004 -27.4 16.2 -3 35 120 0 0 0
OSCAR 1728727200.00004 -28.0 16.5 -3 35 120 0 0 0
OSCAR 1728738000.00004 -28.5 16.8 -3 35 120 0 0 0
OSCAR 1728748800.00004 -29.1 17.0 -3 33 -9999 -9999 -9999 -9999
OSCAR 1728759600.00004 -29.6 17.1 -3 30 -9999 -9999 -9999 -9999
OSCAR 1728770400.00004 -30.1 17.2 -3 28 -9999 -9999 -9999 -9999
OSCAR 1728781200.00004 -30.6 17.3 -3 25 -9999 -9999 -9999 -9999
OSCAR 1728792000.00004 -30.9 17.6 -3 25 -9999 -9999 -9999 -9999
OSCAR 1728802800.00004 -31.2 17.9 -3 25 -9999 -9999 -9999 -9999
OSCAR 1728813600.00004 -31.7 18.2 -3 25 -9999 -9999 -9999 -9999
OSCAR 1728824400.00004 -32.3 18.3 -3 25 -9999 -9999 -9999 -9999
OSCAR 1728835200.00004 -33.0 18.3 -3 25 -9999 -9999 -9999 -9999
OSCAR 1728846000.00004 -33.8 18.2 -3 25 -9999 -9999 -9999 -9999
OSCAR 1728856800.00004 -34.5 18.0 -3 25 -9999 -9999 -9999 -9999
OSCAR 1728867600.00004 -35.2 17.7 -3 25 -9999 -9999 -9999 -9999
OSCAR 1728878400.00004 -35.8 17.6 -3 25 -9999 -9999 -9999 -9999
OSCAR 1728889200.00004 -36.4 17.5 -3 25 -9999 -9999 -9999 -9999
OSCAR 1728900000.00004 -36.9 17.5 -3 25 -9999 -9999 -9999 -9999
OSCAR 1728910800.00004 -37.4 17.5 -3 25 -9999 -9999 -9999 -9999
OSCAR 1728921600.00004 -37.9 17.5 -3 25 -9999 -9999 -9999 -9999
OSCAR 1728932400.00004 -38.5 17.4 -3 25 -9999 -9999 -9999 -9999
OSCAR 1728943200.00004 -39.1 17.2 -3 25 -9999 -9999 -9999 -9999
OSCAR 1728954000.00004 -39.7 17.0 -3 25 -9999 -9999 -9999 -9999
OSCAR 1728964800.00004 -40.1 16.8 -3 28 -9999 -9999 -9999 -9999
OSCAR 1728975600.00004 -40.5 16.6 -3 30 -9999 -9999 -9999 -9999
OSCAR 1728986400.00004 -41.1 16.4 -3 30 -9999 -9999 -9999 -9999
OSCAR 1728997200.00004 -41.7 16.3 -3 30 -9999 -9999 -9999 -9999
OSCAR 1729008000.00004 -42.2 16.2 -3 28 -9999 -9999 -9999 -9999
OSCAR 1729018800.00004 -42.6 16.1 -3 25 -9999 -9999 -9999 -9999
OSCAR 1729029600.00004 -43.1 16.1 -3 25 -9999 -9999 -9999 -9999
OSCAR 1729040400.00004 -43.6 16.1 -3 25 -9999 -9999 -9999 -9999
OSCAR 1729051200.00004 -44.3 16.0 -3 25 -9999 -9999 -9999 -9999
OSCAR 1729062000.00004 -45.0 16.0 -3 25 -9999 -9999 -9999 -9999
OSCAR 1729072800.00004 -45.8 16.0 -3 25 -9999 -9999 -9999 -9999
OSCAR 1729083600.00004 -46.6 16.0 -3 25 -9999 -9999 -9999 -9999
OSCAR 1729094400.00004 -47.6 15.9 -3 25 -9999 -9999 -9999 -9999
OSCAR 1729105200.00004 -48.6 15.8 -3 25 -9999 -9999 -9999 -9999
OSCAR 1729116000.00004 -49.4 15.9 -3 28 -9999 -9999 -9999 -9999
OSCAR 1729126800.00004 -50.2 16.0 -3 30 -9999 -9999 -9999 -9999
OSCAR 1729137600.00004 -51.0 16.2 -3 30 -9999 -9999 -9999 -9999
OSCAR 1729148400.00004 -51.9 16.4 -3 30 -9999 -9999 -9999 -9999
OSCAR 1729159200.00004 -52.8 16.6 -3 30 -9999 -9999 -9999 -9999
OSCAR 1729170000.00004 -53.7 16.9 -3 30 -9999 -9999 -9999 -9999
OSCAR 1729180800.00004 -54.8 17.1 -3 30 -9999 -9999 -9999 -9999
OSCAR 1729191600.00004 -56.0 17.3 -3 30 -9999 -9999 -9999 -9999
OSCAR 1729202400.00004 -57.2 17.4 -3 30 -9999 -9999 -9999 -9999
OSCAR 1729213200.00004 -58.4 17.5 -3 30 -9999 -9999 -9999 -9999
OSCAR 1729224000.00004 -59.3 17.8 -3 30 -9999 -9999 -9999 -9999
OSCAR 1729234800.00004 -60.1 18.2 -3 30 -9999 -9999 -9999 -9999
OSCAR 1729245600.00004 -61.1 18.5 -3 30 -9999 -9999 -9999 -9999
OSCAR 1729256400.00004 -62.1 18.8 -3 30 -9999 -9999 -9999 -9999
OSCAR 1729267200.00004 -63.1 19.1 -3 30 -9999 -9999 -9999 -9999
OSCAR 1729278000.00004 -64.0 19.3 -3 30 -9999 -9999 -9999 -9999
OSCAR 1729288800.00004 -64.9 19.4 -3 30 -9999 -9999 -9999 -9999
OSCAR 1729299600.00004 -65.7 19.5 -3 30 -9999 -9999 -9999 -9999
OSCAR 1729310400.00004 -66.4 19.7 -3 30 -9999 -9999 -9999 -9999
OSCAR 1729321200.00004 -67.1 20.1 -3 30 -9999 -9999 -9999 -9999
OSCAR 1729332000.00004 -67.7 20.6 -3 30 -9999 -9999 -9999 -9999
OSCAR 1729342800.00004 -68.3 21.1 -1 30 -9999 -9999 -9999 -9999
OSCAR 1729353600.00004 -69.1 21.3 0 40 20 15 15 20
OSCAR 1729364400.00004 -69.8 21.3 0 50 40 30 30 40
OSCAR 1729375200.00004 -70.2 21.4 0 60 40 30 30 40
OSCAR 1729386000.00004 -70.6 21.4 1 70 40 30 30 40
OSCAR 1729396800.00004 -71.1 21.5 1 73 40 30 30 40
OSCAR 1729407600.00004 -71.7 21.5 1 75 40 30 30 40
OSCAR 1729418400.00004 -72.2 21.4 1 73 40 30 30 40
OSCAR 1729429200.00004 -72.7 21.2 1 70 40 30 30 40
OSCAR 1729440000.00004 -73.2 21.0 1 70 40 30 30 40
OSCAR 1729450800.00004 -73.6 20.8 1 70 40 30 30 40
OSCAR 1729461600.00004 -73.9 20.7 1 70 40 30 30 40
OSCAR 1729472400.00004 -74.1 20.6 1 70 40 30 30 40
OSCAR 1729483200.00004 -74.3 20.4 1 68 40 30 30 40
OSCAR 1729494000.00004 -74.5 20.3 1 65 40 30 30 40
OSCAR 1729504800.00004 -74.7 20.2 0 58 40 35 30 40
OSCAR 1729515600.00004 -74.9 20.1 0 50 40 40 30 40
OSCAR 1729526400.00004 -75.1 20.2 0 45 40 40 30 40
OSCAR 1729537200.00004 -75.4 20.3 0 40 40 40 30 40
OSCAR 1729548000.00004 -75.7 20.5 0 38 60 60 15 20
OSCAR 1729558800.00004 -75.9 20.7 0 35 80 80 0 0
OSCAR 1729569600.00004 -75.8 21.1 0 35 85 85 0 0
OSCAR 1729580400.00004 -75.6 21.5 0 35 90 90 0 0
OSCAR 1729591200.00004 -75.4 21.9 0 35 90 90 0 0
OSCAR 1729602000.00004 -75.1 22.2 0 35 90 90 0 0
OSCAR 1729612800.00004 -74.8 22.5 0 35 90 90 0 0
OSCAR 1729623600.00004 -74.6 22.7 0 35 90 90 0 0
KRISTY:NADINE 1729126800.00004 -81.0 14.4 -3 20 -9999 -9999 -9999 -9999
KRISTY:NADINE 1729137600.00004 -81.1 14.5 -3 20 -9999 -9999 -9999 -9999
KRISTY:NADINE 1729148400.00004 -81.2 14.7 -3 20 -9999 -9999 -9999 -9999
KRISTY:NADINE 1729159200.00004 -81.3 14.9 -3 20 -9999 -9999 -9999 -9999
KRISTY:NADINE 1729170000.00004 -81.5 15.1 -3 20 -9999 -9999 -9999 -9999
KRISTY:NADINE 1729180800.00004 -81.7 15.3 -3 20 -9999 -9999 -9999 -9999
KRISTY:NADINE 1729191600.00004 -81.8 15.5 -3 20 -9999 -9999 -9999 -9999
KRISTY:NADINE 1729202400.00004 -81.9 15.7 -3 20 -9999 -9999 -9999 -9999
KRISTY:NADINE 1729213200.00004 -82.1 16.0 -3 20 -9999 -9999 -9999 -9999
KRISTY:NADINE 1729224000.00004 -82.2 16.3 -3 23 -9999 -9999 -9999 -9999
KRISTY:NADINE 1729234800.00004 -82.5 16.5 -3 25 -9999 -9999 -9999 -9999
KRISTY:NADINE 1729245600.00004 -83.0 16.7 -3 25 -9999 -9999 -9999 -9999
KRISTY:NADINE 1729256400.00004 -83.6 16.9 -3 25 -9999 -9999 -9999 -9999
KRISTY:NADINE 1729267200.00004 -84.0 17.1 -3 25 -9999 -9999 -9999 -9999
KRISTY:NADINE 1729278000.00004 -84.4 17.2 -3 25 -9999 -9999 -9999 -9999
KRISTY:NADINE 1729288800.00004 -84.7 17.3 -3 28 -9999 -9999 -9999 -9999
KRISTY:NADINE 1729299600.00004 -85.0 17.3 -3 30 -9999 -9999 -9999 -9999
KRISTY:NADINE 1729310400.00004 -85.3 17.3 -3 30 -9999 -9999 -9999 -9999
KRISTY:NADINE 1729321200.00004 -85.6 17.3 -1 30 -9999 -9999 -9999 -9999
KRISTY:NADINE 1729332000.00004 -86.0 17.4 -1 33 -9999 -9999 -9999 -9999
KRISTY:NADINE 1729342800.00004 -86.5 17.4 0 35 170 0 0 170
KRISTY:NADINE 1729353600.00004 -86.9 17.3 0 40 170 0 0 120
KRISTY:NADINE 1729364400.00004 -87.3 17.3 0 45 170 0 0 70
KRISTY:NADINE 1729375200.00004 -88.0 17.4 0 45 170 0 0 120
KRISTY:NADINE 1729386000.00004 -88.8 17.5 0 45 170 0 0 170
KRISTY:NADINE 1729396800.00004 -89.4 17.4 0 38 85 -9999 -9999 85
KRISTY:NADINE 1729407600.00004 -90.0 17.3 -1 30 -9999 -9999 -9999 -9999
KRISTY:NADINE 1729418400.00004 -90.6 17.1 -1 28 -9999 -9999 -9999 -9999
KRISTY:NADINE 1729429200.00004 -91.2 17.0 -1 25 -9999 -9999 -9999 -9999
KRISTY:NADINE 1729440000.00004 -91.8 17.1 -1 25 -9999 -9999 -9999 -9999
KRISTY:NADINE 1729450800.00004 -92.5 17.0 -3 25 -9999 -9999 -9999 -9999
KRISTY:NADINE 1729461600.00004 -93.5 16.4 -3 25 -9999 -9999 -9999 -9999
KRISTY:NADINE 1729472400.00004 -94.6 15.6 -3 25 -9999 -9999 -9999 -9999
KRISTY:NADINE 1729483200.00004 -95.4 15.1 -3 25 -9999 -9999 -9999 -9999
KRISTY:NADINE 1729494000.00004 -96.2 14.6 -3 25 -9999 -9999 -9999 -9999
KRISTY:NADINE 1729504800.00004 -96.9 14.1 -3 28 -9999 -9999 -9999 -9999
KRISTY:NADINE 1729515600.00004 -97.7 13.8 -3 30 -9999 -9999 -9999 -9999
KRISTY:NADINE 1729526400.00004 -98.9 13.6 -3 30 -9999 -9999 -9999 -9999
KRISTY:NADINE 1729537200.00004 -100.0 13.5 -3 30 -9999 -9999 -9999 -9999
KRISTY:NADINE 1729548000.00004 -100.8 13.4 -3 33 -9999 -9999 -9999 -9999
KRISTY:NADINE 1729558800.00004 -101.4 13.4 0 35 50 0 0 50
KRISTY:NADINE 1729569600.00004 -102.1 13.5 0 38 45 0 0 50
KRISTY:NADINE 1729580400.00004 -102.7 13.7 0 40 40 0 0 50
KRISTY:NADINE 1729591200.00004 -103.3 13.9 0 43 45 0 0 50
KRISTY:NADINE 1729602000.00004 -104.0 14.1 0 45 50 0 0 50
KRISTY:NADINE 1729612800.00004 -105.0 14.3 0 48 55 25 15 55
KRISTY:NADINE 1729623600.00004 -106.0 14.5 0 50 60 50 30 60
KRISTY:NADINE 1729634400.00004 -106.9 14.6 0 55 60 45 35 60
KRISTY:NADINE 1729645200.00004 -107.7 14.6 0 60 60 40 40 60
KRISTY:NADINE 1729656000.00004 -108.4 14.7 1 65 60 40 40 60
KRISTY:NADINE 1729666800.00004 -109.2 14.7 1 70 60 40 40 60
KRISTY:NADINE 1729677600.00004 -110.1 14.6 1 78 60 45 40 60
KRISTY:NADINE 1729688400.00004 -111.1 14.5 2 85 60 50 40 60
KRISTY:NADINE 1729699200.00004 -112.1 14.5 2 95 65 50 40 60
KRISTY:NADINE 1729710000.00004 -113.0 14.4 3 105 70 50 40 60
KRISTY:NADINE 1729720800.00004 -113.9 14.2 4 118 70 50 40 60
KRISTY:NADINE 1729731600.00004 -114.7 14.1 4 130 70 50 40 60
KRISTY:NADINE 1729742400.00004 -115.5 14.1 4 133 70 50 40 60
KRISTY:NADINE 1729753200.00004 -116.4 14.2 4 135 70 50 40 60
KRISTY:NADINE 1729764000.00004 -117.3 14.2 4 133 80 60 50 75
KRISTY:NADINE 1729774800.00004 -118.2 14.1 4 130 90 70 60 90
KRISTY:NADINE 1729785600.00004 -119.0 14.0 4 130 90 70 60 90
KRISTY:NADINE 1729796400.00004 -119.7 14.0 4 130 90 70 60 90
KRISTY:NADINE 1729807200.00004 -120.4 14.0 4 135 90 70 60 90
KRISTY:NADINE 1729818000.00004 -121.0 14.1 5 140 90 70 60 90
KRISTY:NADINE 1729828800.00004 -121.6 14.2 5 140 90 75 65 90
KRISTY:NADINE 1729839600.00004 -122.2 14.3 5 140 90 80 70 90
KRISTY:NADINE 1729850400.00004 -122.8 14.6 4 135 90 80 70 90
KRISTY:NADINE 1729861200.00004 -123.4 14.9 4 130 90 80 70 90
KRISTY:NADINE 1729872000.00004 -123.9 15.2 4 123 90 75 65 90
KRISTY:NADINE 1729882800.00004 -124.3 15.5 4 115 90 70 60 90
KRISTY:NADINE 1729893600.00004 -124.8 15.8 3 110 90 75 70 90
KRISTY:NADINE 1729904400.00004 -125.4 16.2 3 105 90 80 80 90
KRISTY:NADINE 1729915200.00004 -125.9 16.6 3 100 95 85 80 95
KRISTY:NADINE 1729926000.00004 -126.4 17.1 2 95 100 90 80 100
KRISTY:NADINE 1729936800.00004 -126.8 17.6 2 90 100 85 75 100
KRISTY:NADINE 1729947600.00004 -127.2 18.1 2 85 100 80 70 100
KRISTY:NADINE 1729958400.00004 -127.7 18.6 1 78 100 80 70 100
KRISTY:NADINE 1729969200.00004 -128.1 19.2 1 70 100 80 70 100
KRISTY:NADINE 1729980000.00004 -128.5 19.7 1 65 100 80 70 100
KRISTY:NADINE 1729990800.00004 -128.9 20.2 0 60 100 80 70 100
KRISTY:NADINE 1730001600.00004 -129.1 20.7 0 58 110 75 75 110
KRISTY:NADINE 1730012400.00004 -129.3 21.1 0 55 120 70 80 120
KRISTY:NADINE 1730023200.00004 -129.4 21.4 0 53 120 60 75 130
KRISTY:NADINE 1730034000.00004 -129.5 21.7 0 50 120 50 70 140
KRISTY:NADINE 1730044800.00004 -129.6 22.1 0 48 120 50 70 140
KRISTY:NADINE 1730055600.00004 -129.6 22.5 0 45 120 50 70 140
KRISTY:NADINE 1730066400.00004 -129.6 22.6 0 40 60 25 35 115
KRISTY:NADINE 1730077200.00004 -129.7 22.5 -3 35 0 0 0 90
KRISTY:NADINE 1730088000.00004 -129.9 22.4 -3 35 0 0 0 90
KRISTY:NADINE 1730098800.00004 -130.2 22.3 -3 35 0 0 0 90
PATTY 1730444400.00004 -39.9 39.7 -3 55 0 0 180 240
PATTY 1730455200.00004 -39.5 39.8 -3 53 0 0 180 170
PATTY 1730466000.00004 -39.0 39.9 -3 50 0 0 180 100
PATTY 1730476800.00004 -38.3 40.0 -3 50 0 35 175 50
PATTY 1730487600.00004 -37.6 40.1 -3 50 0 70 170 0
PATTY 1730498400.00004 -36.9 40.4 -3 48 0 105 170 0
PATTY 1730509200.00004 -36.3 40.6 -3 45 0 140 170 0
PATTY 1730520000.00004 -35.7 40.6 -3 45 0 115 205 0
PATTY 1730530800.00004 -35.3 40.5 -2 45 0 90 240 0
PATTY 1730541600.00004 -35.0 40.5 -2 45 0 75 210 45
PATTY 1730552400.00004 -34.7 40.3 -2 45 0 60 180 90
PATTY 1730563200.00004 -34.2 39.9 -2 48 0 60 180 90
PATTY 1730574000.00004 -33.4 39.3 -2 50 0 60 180 90
PATTY 1730584800.00004 -32.4 38.7 -2 53 0 60 180 90
PATTY 1730595600.00004 -31.2 38.2 -2 55 0 60 180 90
PATTY 1730606400.00004 -30.0 38.0 -2 53 0 60 180 90
PATTY 1730617200.00004 -28.8 38.0 -2 50 0 60 180 90
PATTY 1730631600.00004 -27.8 38.0 -2 48 0 60 165 45
PATTY 1730642400.00004 -26.9 38.0 -2 45 0 60 150 0
PATTY 1730653200.00004 -26.2 37.8 -2 43 0 55 110 0
PATTY 1730664000.00004 -25.4 37.5 -2 40 0 50 70 0
PATTY 1730674800.00004 -24.5 37.3 -2 40 0 50 70 0
PATTY 1730685600.00004 -23.4 37.2 -2 40 0 50 70 0
PATTY 1730696400.00004 -22.3 37.3 -2 40 10 55 70 0
PATTY 1730707200.00004 -21.1 37.5 0 40 20 60 70 0
PATTY 1730718000.00004 -20.0 37.7 0 38 20 60 70 0
PATTY 1730728800.00004 -19.0 37.9 0 35 20 60 70 0
PATTY 1730739600.00004 -18.0 38.1 -1 33 -9999 -9999 -9999 -9999
PATTY 1730750400.00004 -17.1 38.2 -3 30 -9999 -9999 -9999 -9999
RAFAEL 1730487600.00004 -81.8 9.5 -3 20 -9999 -9999 -9999 -9999
RAFAEL 1730498400.00004 -81.7 9.6 -3 20 -9999 -9999 -9999 -9999
RAFAEL 1730509200.00004 -81.6 9.8 -3 20 -9999 -9999 -9999 -9999
RAFAEL 1730520000.00004 -81.5 10.0 -3 20 -9999 -9999 -9999 -9999
RAFAEL 1730530800.00004 -81.4 10.2 -3 20 -9999 -9999 -9999 -9999
RAFAEL 1730541600.00004 -81.3 10.4 -3 20 -9999 -9999 -9999 -9999
RAFAEL 1730552400.00004 -81.1 10.7 -3 20 -9999 -9999 -9999 -9999
RAFAEL 1730563200.00004 -80.9 11.0 -3 20 -9999 -9999 -9999 -9999
RAFAEL 1730574000.00004 -80.6 11.3 -3 20 -9999 -9999 -9999 -9999
RAFAEL 1730584800.00004 -80.3 11.5 -3 20 -9999 -9999 -9999 -9999
RAFAEL 1730595600.00004 -79.9 11.7 -3 20 -9999 -9999 -9999 -9999
RAFAEL 1730606400.00004 -79.6 11.9 -3 20 -9999 -9999 -9999 -9999
RAFAEL 1730617200.00004 -79.2 12.2 -3 20 -9999 -9999 -9999 -9999
RAFAEL 1730631600.00004 -78.7 12.5 -3 23 -9999 -9999 -9999 -9999
RAFAEL 1730642400.00004 -78.2 12.7 -3 25 -9999 -9999 -9999 -9999
RAFAEL 1730653200.00004 -77.9 12.9 -3 25 -9999 -9999 -9999 -9999
RAFAEL 1730664000.00004 -77.6 13.0 -3 25 -9999 -9999 -9999 -9999
RAFAEL 1730674800.00004 -77.3 12.8 -3 28 -9999 -9999 -9999 -9999
RAFAEL 1730685600.00004 -77.1 12.7 -3 30 -9999 -9999 -9999 -9999
RAFAEL 1730696400.00004 -77.0 12.9 -3 30 -9999 -9999 -9999 -9999
RAFAEL 1730707200.00004 -76.9 13.3 -3 30 -9999 -9999 -9999 -9999
RAFAEL 1730718000.00004 -76.9 13.6 -3 30 -9999 -9999 -9999 -9999
RAFAEL 1730728800.00004 -76.9 13.9 -3 30 -9999 -9999 -9999 -9999
RAFAEL 1730739600.00004 -76.8 14.4 -3 30 -9999 -9999 -9999 -9999
RAFAEL 1730750400.00004 -76.7 14.8 -1 30 -9999 -9999 -9999 -9999
RAFAEL 1730761200.00004 -76.5 15.0 -1 33 -9999 -9999 -9999 -9999
RAFAEL 1730772000.00004 -76.4 15.1 0 35 70 90 0 0
RAFAEL 1730782800.00004 -76.6 15.4 0 38 80 90 0 0
RAFAEL 1730793600.00004 -76.9 15.8 0 40 90 90 0 0
RAFAEL 1730804400.00004 -77.3 16.2 0 43 90 90 0 0
RAFAEL 1730815200.00004 -77.7 16.6 0 45 90 90 0 0
RAFAEL 1730826000.00004 -77.9 17.0 0 48 90 90 0 0
RAFAEL 1730836800.00004 -78.2 17.4 0 50 90 90 0 0
RAFAEL 1730847600.00004 -78.6 18.0 0 55 90 85 10 15
RAFAEL 1730858400.00004 -79.1 18.6 0 60 90 80 20 30
RAFAEL 1730869200.00004 -79.5 19.0 1 65 90 80 20 40
RAFAEL 1730880000.00004 -79.9 19.4 1 70 90 80 20 50
RAFAEL 1730890800.00004 -80.4 19.8 1 75 90 80 20 50
RAFAEL 1730901600.00004 -80.9 20.2 1 80 90 80 20 50
RAFAEL 1730912400.00004 -81.3 20.6 2 85 95 80 30 50
RAFAEL 1730923200.00004 -81.6 21.0 2 90 100 80 40 50
RAFAEL 1730934000.00004 -81.9 21.5 2 95 100 85 40 50
RAFAEL 1730944800.00004 -82.3 22.0 3 100 100 90 40 50
RAFAEL 1730955600.00004 -82.7 22.6 3 98 100 90 40 50
RAFAEL 1730966400.00004 -83.2 23.2 2 95 100 90 40 50
RAFAEL 1730977200.00004 -83.7 23.6 2 93 100 90 40 50
RAFAEL 1730988000.00004 -84.1 23.8 2 90 100 90 40 50
RAFAEL 1730998800.00004 -84.5 24.1 2 90 100 90 45 70
RAFAEL 1731009600.00004 -84.9 24.3 2 90 100 90 50 90
RAFAEL 1731020400.00004 -85.3 24.5 2 90 95 90 50 90
RAFAEL 1731031200.00004 -85.7 24.6 2 90 90 90 50 90
RAFAEL 1731042000.00004 -86.1 24.7 2 90 95 90 50 90
RAFAEL 1731052800.00004 -86.6 24.7 2 90 100 90 50 90
RAFAEL 1731063600.00004 -87.2 24.6 3 98 100 90 50 90
RAFAEL 1731074400.00004 -87.7 24.5 3 105 100 90 50 90
RAFAEL 1731085200.00004 -88.1 24.5 3 100 90 80 55 85
RAFAEL 1731096000.00004 -88.5 24.5 2 95 80 70 60 80
RAFAEL 1731106800.00004 -89.0 24.5 2 90 80 70 60 80
RAFAEL 1731117600.00004 -89.4 24.6 2 85 80 70 60 80
RAFAEL 1731128400.00004 -89.6 24.6 1 75 80 70 60 80
RAFAEL 1731139200.00004 -89.7 24.7 1 65 80 70 60 80
RAFAEL 1731150000.00004 -90.1 24.8 0 60 80 70 45 75
RAFAEL 1731160800.00004 -90.5 24.9 0 55 80 70 30 70
RAFAEL 1731171600.00004 -90.9 25.0 0 53 85 70 30 70
RAFAEL 1731182400.00004 -91.2 25.1 0 50 90 70 30 70
RAFAEL 1731193200.00004 -91.4 25.2 0 48 95 50 15 65
RAFAEL 1731204000.00004 -91.5 25.3 0 45 100 30 0 60
RAFAEL 1731214800.00004 -91.6 25.4 0 43 100 15 0 60
RAFAEL 1731225600.00004 -91.7 25.6 0 40 100 0 0 60
RAFAEL 1731236400.00004 -91.8 25.8 0 38 100 0 0 60
RAFAEL 1731247200.00004 -91.8 26.0 0 35 100 0 0 60
RAFAEL 1731258000.00004 -91.9 26.1 0 35 115 65 0 30
RAFAEL 1731268800.00004 -91.9 26.2 0 35 130 130 0 0
RAFAEL 1731279600.00004 -91.7 26.2 -1 33 -9999 -9999 -9999 -9999
RAFAEL 1731290400.00004 -91.5 26.2 -1 30 -9999 -9999 -9999 -9999
SARA 1731376800.00004 -75.9 16.8 -3 20 -9999 -9999 -9999 -9999
SARA 1731387600.00004 -76.0 16.7 -3 20 -9999 -9999 -9999 -9999
SARA 1731398400.00004 -76.0 16.6 -3 20 -9999 -9999 -9999 -9999
SARA 1731409200.00004 -76.0 16.5 -3 20 -9999 -9999 -9999 -9999
SARA 1731420000.00004 -76.1 16.5 -3 20 -9999 -9999 -9999 -9999
SARA 1731430800.00004 -76.2 16.4 -3 20 -9999 -9999 -9999 -9999
SARA 1731441600.00004 -76.3 16.4 -3 20 -9999 -9999 -9999 -9999
SARA 1731452400.00004 -76.4 16.3 -3 20 -9999 -9999 -9999 -9999
SARA 1731463200.00004 -76.6 16.3 -3 20 -9999 -9999 -9999 -9999
SARA 1731474000.00004 -76.8 16.3 -3 20 -9999 -9999 -9999 -9999
SARA 1731484800.00004 -77.0 16.3 -3 20 -9999 -9999 -9999 -9999
SARA 1731495600.00004 -77.2 16.3 -3 20 -9999 -9999 -9999 -9999
SARA 1731506400.00004 -77.4 16.3 -3 20 -9999 -9999 -9999 -9999
SARA 1731517200.00004 -77.5 16.2 -3 23 -9999 -9999 -9999 -9999
SARA 1731528000.00004 -77.6 16.1 -3 25 -9999 -9999 -9999 -9999
SARA 1731538800.00004 -77.9 16.1 -3 25 -9999 -9999 -9999 -9999
SARA 1731549600.00004 -78.4 16.2 -3 25 -9999 -9999 -9999 -9999
SARA 1731560400.00004 -79.0 16.2 -3 25 -9999 -9999 -9999 -9999
SARA 1731571200.00004 -79.7 16.1 -3 25 -9999 -9999 -9999 -9999
SARA 1731582000.00004 -80.5 16.0 -3 28 -9999 -9999 -9999 -9999
SARA 1731592800.00004 -81.2 15.9 -1 30 -9999 -9999 -9999 -9999
SARA 1731603600.00004 -81.7 15.8 -1 30 -9999 -9999 -9999 -9999
SARA 1731614400.00004 -82.2 15.8 -1 30 -9999 -9999 -9999 -9999
SARA 1731625200.00004 -82.7 15.8 -1 33 -9999 -9999 -9999 -9999
SARA 1731636000.00004 -83.1 15.8 0 35 90 0 0 90
SARA 1731646800.00004 -83.5 15.8 0 35 90 0 0 90
SARA 1731657600.00004 -84.0 15.8 0 35 90 0 0 90
SARA 1731668400.00004 -84.5 15.9 0 38 90 0 0 90
SARA 1731679200.00004 -85.0 16.0 0 40 90 0 0 90
SARA 1731690000.00004 -85.4 16.1 0 43 95 0 0 95
SARA 1731700800.00004 -85.7 16.1 0 45 100 0 0 100
SARA 1731711600.00004 -85.9 16.1 0 45 90 0 0 100
SARA 1731722400.00004 -86.1 16.1 0 45 80 0 0 100
SARA 1731733200.00004 -86.2 16.1 0 45 80 0 0 100
SARA 1731744000.00004 -86.3 16.2 0 45 80 0 0 100
SARA 1731754800.00004 -86.3 16.2 0 43 80 0 0 100
SARA 1731765600.00004 -86.3 16.2 0 40 80 0 0 100
SARA 1731776400.00004 -86.3 16.2 0 40 80 0 0 100
SARA 1731787200.00004 -86.3 16.2 0 40 80 0 0 100
SARA 1731798000.00004 -86.5 16.2 0 40 80 0 15 95
SARA 1731808800.00004 -86.8 16.3 0 40 80 0 30 90
SARA 1731819600.00004 -87.0 16.3 0 38 80 20 30 90
SARA 1731830400.00004 -87.1 16.4 0 35 80 40 30 90
SARA 1731841200.00004 -87.3 16.5 0 35 80 40 30 90
SARA 1731852000.00004 -87.5 16.6 0 35 80 40 30 90
SARA 1731862800.00004 -87.6 16.7 0 35 80 35 30 75
SARA 1731873600.00004 -87.9 16.8 0 35 80 30 30 60
SARA 1731884400.00004 -88.4 17.1 -1 33 -9999 -9999 -9999 -9999
SARA 1731895200.00004 -89.0 17.4 -1 30 -9999 -9999 -9999 -9999
SARA 1731906000.00004 -89.6 17.7 -1 28 -9999 -9999 -9999 -9999
SARA 1731916800.00004 -90.2 18.0 -1 25 -9999 -9999 -9999 -9999
SARA 1731927600.00004 -90.7 18.2 -1 25 -9999 -9999 -9999 -9999
SARA 1731938400.00004 -91.1 18.5 -3 25 -9999 -9999 -9999 -9999
SARA 1731949200.00004 -91.5 18.9 -3 25 -9999 -9999 -9999 -9999
SARA 1731960000.00004 -91.9 19.5 -3 25 -9999 -9999 -9999 -9999
