# name, time, usa_lon, usa_lat, usa_sshs, usa_wind, usa_r34
# (Name of system), (timestamp), (degE), deg(N), (), (nautical miles)
ALEX 1654218000.00004 -87.5 21.3 -3 30 -9999 -9999 -9999 -9999
ALEX 1654228800.00004 -87.4 21.5 -3 30 -9999 -9999 -9999 -9999
ALEX 1654239600.00004 -87.3 21.6 -3 30 -9999 -9999 -9999 -9999
ALEX 1654250400.00004 -87.2 21.7 -3 33 -9999 -9999 -9999 -9999
ALEX 1654261200.00004 -87.1 21.9 -3 35 60 60 0 0
ALEX 1654272000.00004 -87.0 22.0 -3 35 75 75 0 0
ALEX 1654282800.00004 -86.9 22.2 -3 35 90 90 0 0
ALEX 1654293600.00004 -86.7 22.4 -3 35 90 135 0 0
ALEX 1654304400.00004 -86.3 22.8 -3 35 90 180 0 0
ALEX 1654315200.00004 -85.8 23.3 -3 35 45 195 0 0
ALEX 1654326000.00004 -85.1 23.9 -3 35 0 210 0 0
ALEX 1654336800.00004 -84.4 24.4 -3 35 0 210 0 0
ALEX 1654347600.00004 -83.7 25.0 -3 35 0 210 0 0
ALEX 1654358400.00004 -82.9 25.6 -3 35 0 210 0 0
ALEX 1654369200.00004 -82.0 26.2 -3 35 0 210 0 0
ALEX 1654380000.00004 -81.2 26.7 -3 38 45 210 0 0
ALEX 1654390800.00004 -80.4 27.2 -3 40 90 210 0 0
ALEX 1654401600.00004 -79.6 27.6 -3 40 120 195 0 0
ALEX 1654412400.00004 -78.8 28.0 0 40 150 180 0 0
ALEX 1654423200.00004 -78.0 28.4 0 43 150 180 0 15
ALEX 1654434000.00004 -77.2 28.8 0 45 150 180 0 30
ALEX 1654444800.00004 -76.2 29.3 0 48 150 180 0 35
ALEX 1654455600.00004 -75.0 29.9 0 50 150 180 0 40
ALEX 1654466400.00004 -73.8 30.4 0 55 155 180 30 60
ALEX 1654477200.00004 -72.5 31.0 0 60 160 180 60 80
ALEX 1654488000.00004 -71.3 31.6 0 60 170 180 75 85
ALEX 1654498800.00004 -70.2 32.1 0 60 180 180 90 90
ALEX 1654509600.00004 -69.0 32.6 0 58 180 180 90 90
ALEX 1654520400.00004 -67.8 33.0 0 55 180 180 90 90
ALEX 1654531200.00004 -66.5 33.4 0 55 180 180 90 90
ALEX 1654542000.00004 -65.2 33.8 -3 55 180 180 90 90
ALEX 1654552800.00004 -63.7 34.2 -3 53 180 180 90 90
ALEX 1654563600.00004 -62.2 34.7 -3 50 180 180 90 90
BONNIE 1656378000.00004 -50.5 8.3 -3 35 100 0 0 120
BONNIE 1656388800.00004 -51.3 8.5 -3 35 100 0 0 120
BONNIE 1656399600.00004 -52.2 8.7 -3 35 100 0 0 120
BONNIE 1656410400.00004 -53.2 8.9 -3 35 100 0 0 120
BONNIE 1656421200.00004 -54.2 9.1 -3 35 100 0 0 120
BONNIE 1656432000.00004 -55.3 9.3 -3 35 100 0 0 115
BONNIE 1656442800.00004 -56.5 9.6 -3 35 100 0 0 110
BONNIE 1656453600.00004 -57.7 9.9 -3 35 100 0 0 110
BONNIE 1656464400.00004 -58.9 10.2 -3 35 100 0 0 110
BONNIE 1656475200.00004 -60.3 10.5 -3 35 100 0 0 105
BONNIE 1656486000.00004 -61.6 10.7 -3 35 100 0 0 100
BONNIE 1656496800.00004 -62.8 10.9 -3 35 100 0 0 100
BONNIE 1656507600.00004 -64.0 11.1 -3 35 100 0 0 100
BONNIE 1656518400.00004 -65.1 11.3 -3 35 100 0 0 100
BONNIE 1656529200.00004 -66.2 11.4 -3 35 100 0 0 100
BONNIE 1656540000.00004 -67.1 11.6 -3 35 100 0 0 100
BONNIE 1656550800.00004 -68.0 11.7 -3 35 100 0 0 100
BONNIE 1656561600.00004 -68.9 11.8 -3 35 95 0 0 95
BONNIE 1656572400.00004 -69.7 11.9 -3 35 90 0 0 90
BONNIE 1656583200.00004 -70.6 12.0 -3 35 80 0 0 80
BONNIE 1656594000.00004 -71.4 12.0 -3 35 70 0 0 70
BONNIE 1656604800.00004 -72.2 12.0 -3 35 70 0 0 65
BONNIE 1656615600.00004 -73.1 12.0 -3 35 70 0 0 60
BONNIE 1656626400.00004 -74.0 12.0 -3 35 70 0 0 60
BONNIE 1656637200.00004 -74.9 12.0 -3 35 70 0 0 60
BONNIE 1656648000.00004 -75.8 12.0 -3 35 70 0 0 60
BONNIE 1656658800.00004 -76.7 11.9 -3 35 70 0 0 60
BONNIE 1656669600.00004 -77.6 11.8 -3 35 75 0 0 60
BONNIE 1656680400.00004 -78.5 11.6 0 35 80 0 0 60
BONNIE 1656691200.00004 -79.4 11.4 0 35 90 0 0 60
BONNIE 1656702000.00004 -80.2 11.3 0 35 100 0 0 60
BONNIE 1656712800.00004 -81.0 11.2 0 38 100 0 0 60
BONNIE 1656723600.00004 -81.8 11.2 0 40 100 0 0 60
BONNIE 1656734400.00004 -82.5 11.0 0 45 100 15 10 60
BONNIE 1656745200.00004 -83.1 10.9 0 50 100 30 20 60
BONNIE 1656756000.00004 -83.8 11.0 0 50 100 30 20 60
BONNIE 1656766800.00004 -84.5 11.1 0 40 60 0 0 40
BONNIE 1656777600.00004 -85.2 11.2 0 38 60 0 0 40
BONNIE 1656788400.00004 -85.9 11.2 0 35 60 0 0 40
BONNIE 1656799200.00004 -86.6 11.2 0 40 60 10 10 40
BONNIE 1656810000.00004 -87.4 11.2 0 45 60 20 20 40
BONNIE 1656820800.00004 -88.2 11.2 0 48 60 25 25 45
BONNIE 1656831600.00004 -88.9 11.2 0 50 60 30 30 50
BONNIE 1656842400.00004 -89.6 11.3 0 50 60 30 30 55
BONNIE 1656853200.00004 -90.4 11.5 0 50 60 30 30 60
BONNIE 1656864000.00004 -91.2 11.6 0 53 60 30 30 60
BONNIE 1656874800.00004 -91.9 11.8 0 55 60 30 30 60
BONNIE 1656885600.00004 -92.7 12.0 0 58 65 40 30 60
BONNIE 1656896400.00004 -93.4 12.2 0 60 70 50 30 60
BONNIE 1656907200.00004 -94.1 12.5 0 63 70 55 30 60
BONNIE 1656918000.00004 -94.9 12.9 1 65 70 60 30 60
BONNIE 1656928800.00004 -95.7 13.2 1 68 70 60 30 60
BONNIE 1656939600.00004 -96.6 13.4 1 70 70 60 30 60
BONNIE 1656950400.00004 -97.4 13.5 1 73 75 65 35 65
BONNIE 1656961200.00004 -98.2 13.6 1 75 80 70 40 70
BONNIE 1656972000.00004 -98.9 13.7 1 80 80 70 40 70
BONNIE 1656982800.00004 -99.6 13.8 2 85 80 70 40 70
BONNIE 1656993600.00004 -100.2 14.1 2 88 80 70 40 70
BONNIE 1657004400.00004 -100.9 14.4 2 90 80 70 40 70
BONNIE 1657015200.00004 -101.6 14.7 2 93 85 75 40 70
BONNIE 1657026000.00004 -102.4 14.9 2 95 90 80 40 70
BONNIE 1657036800.00004 -103.1 15.0 3 98 90 80 45 75
BONNIE 1657047600.00004 -103.8 15.1 3 100 90 80 50 80
BONNIE 1657058400.00004 -104.5 15.2 3 98 90 80 50 80
BONNIE 1657069200.00004 -105.1 15.4 2 95 90 80 50 80
BONNIE 1657080000.00004 -105.8 15.5 2 93 90 80 50 80
BONNIE 1657090800.00004 -106.4 15.6 2 90 90 80 50 80
BONNIE 1657101600.00004 -107.0 15.7 2 88 85 75 50 80
BONNIE 1657112400.00004 -107.6 15.8 2 85 80 70 50 80
BONNIE 1657123200.00004 -108.1 15.9 2 85 70 60 45 75
BONNIE 1657134000.00004 -108.5 16.0 2 85 60 50 40 70
BONNIE 1657144800.00004 -109.0 16.1 2 85 65 55 45 70
BONNIE 1657155600.00004 -109.5 16.3 2 85 70 60 50 70
BONNIE 1657166400.00004 -110.0 16.4 2 83 70 60 50 70
BONNIE 1657177200.00004 -110.6 16.6 1 80 70 60 50 70
BONNIE 1657188000.00004 -111.2 16.7 1 80 65 50 45 65
BONNIE 1657198800.00004 -111.8 16.9 1 80 60 40 40 60
BONNIE 1657209600.00004 -112.4 17.0 1 80 60 40 40 60
BONNIE 1657220400.00004 -113.1 17.2 1 80 60 40 40 60
BONNIE 1657231200.00004 -113.8 17.3 2 83 60 45 45 60
BONNIE 1657242000.00004 -114.5 17.5 2 85 60 50 50 60
BONNIE 1657252800.00004 -115.3 17.7 2 85 60 50 50 60
BONNIE 1657263600.00004 -116.1 17.8 2 85 60 50 50 60
BONNIE 1657274400.00004 -116.9 17.9 1 80 60 50 50 60
BONNIE 1657285200.00004 -117.7 18.0 1 75 60 50 50 60
BONNIE 1657296000.00004 -118.5 18.1 1 70 60 50 50 60
BONNIE 1657306800.00004 -119.3 18.2 1 65 60 50 50 60
BONNIE 1657317600.00004 -120.1 18.4 0 60 55 45 40 55
BONNIE 1657328400.00004 -121.0 18.6 0 55 50 40 30 50
BONNIE 1657339200.00004 -121.9 18.8 0 53 50 40 30 50
BONNIE 1657350000.00004 -122.8 19.0 0 50 50 40 30 50
BONNIE 1657360800.00004 -123.7 19.1 0 48 50 40 30 50
BONNIE 1657371600.00004 -124.7 19.2 0 45 50 40 30 50
BONNIE 1657382400.00004 -125.6 19.3 0 43 45 35 15 45
BONNIE 1657393200.00004 -126.6 19.4 0 40 40 30 0 40
BONNIE 1657404000.00004 -127.6 19.5 0 40 40 15 0 40
BONNIE 1657414800.00004 -128.6 19.5 -3 40 40 0 0 40
BONNIE 1657425600.00004 -129.6 19.6 -3 38 40 0 0 40
BONNIE 1657436400.00004 -130.5 19.6 -3 35 40 0 0 40
BONNIE 1657447200.00004 -131.4 19.6 -3 35 40 0 0 40
BONNIE 1657458000.00004 -132.3 19.5 -3 35 40 0 0 40
BONNIE 1657468800.00004 -133.2 19.4 -3 33 -9999 -9999 -9999 -9999
BONNIE 1657479600.00004 -134.0 19.4 -3 30 -9999 -9999 -9999 -9999
BONNIE 1657490400.00004 -134.8 19.4 -3 28 -9999 -9999 -9999 -9999
BONNIE 1657501200.00004 -135.5 19.4 -3 25 -9999 -9999 -9999 -9999
BONNIE 1657512000.00004 -136.2 19.4 -3 25 -9999 -9999 -9999 -9999
BONNIE 1657522800.00004 -136.9 19.4 -3 25 -9999 -9999 -9999 -9999
COLIN 1656723600.00004 -80.5 31.8 -1 30 -9999 -9999 -9999 -9999
COLIN 1656734400.00004 -80.7 32.0 -1 33 -9999 -9999 -9999 -9999
COLIN 1656743400.000067 -80.5 32.4 0 35 40 60 0 0
COLIN 1656745200.00004 -80.4 32.5 0 35 40 60 0 0
COLIN 1656756000.00004 -80.0 32.9 0 35 40 60 0 0
COLIN 1656766800.00004 -79.9 33.0 0 35 40 60 0 0
COLIN 1656777600.00004 -79.6 33.2 0 35 45 65 0 0
COLIN 1656788400.00004 -79.4 33.4 0 35 50 70 0 0
COLIN 1656799200.00004 -79.2 33.6 -1 33 -9999 -9999 -9999 -9999
COLIN 1656810000.00004 -78.9 33.8 -1 30 -9999 -9999 -9999 -9999
UNNAMED 1660957200.00004 -93.7 20.2 -3 30 -9999 -9999 -9999 -9999
UNNAMED 1660968000.00004 -94.3 20.7 -3 30 -9999 -9999 -9999 -9999
UNNAMED 1660978800.00004 -94.8 21.2 -3 30 -9999 -9999 -9999 -9999
UNNAMED 1660989600.00004 -95.2 21.7 -3 30 -9999 -9999 -9999 -9999
UNNAMED 1661000400.00004 -95.5 22.2 -3 30 -9999 -9999 -9999 -9999
UNNAMED 1661011200.00004 -95.9 22.7 -3 30 -9999 -9999 -9999 -9999
UNNAMED 1661022000.00004 -96.3 23.2 -3 30 -9999 -9999 -9999 -9999
UNNAMED 1661032800.00004 -96.6 23.6 -3 30 -9999 -9999 -9999 -9999
UNNAMED 1661043600.00004 -96.9 24.0 -3 30 -9999 -9999 -9999 -9999
UNNAMED 1661054400.00004 -97.2 24.4 -3 30 -9999 -9999 -9999 -9999
UNNAMED 1661065200.00004 -97.6 24.8 -3 30 -9999 -9999 -9999 -9999
DANIELLE 1661972400.00004 -46.6 37.5 -3 25 -9999 -9999 -9999 -9999
DANIELLE 1661983200.00004 -46.4 37.7 -3 25 -9999 -9999 -9999 -9999
DANIELLE 1661994000.00004 -46.1 37.8 -3 25 -9999 -9999 -9999 -9999
DANIELLE 1662004800.00004 -45.8 37.9 -3 25 -9999 -9999 -9999 -9999
DANIELLE 1662015600.00004 -45.6 38.0 -3 25 -9999 -9999 -9999 -9999
DANIELLE 1662026400.00004 -45.4 38.1 -3 28 -9999 -9999 -9999 -9999
DANIELLE 1662037200.00004 -45.2 38.1 -1 30 -9999 -9999 -9999 -9999
DANIELLE 1662048000.00004 -45.0 38.1 -1 33 -9999 -9999 -9999 -9999
DANIELLE 1662058800.00004 -44.8 38.1 0 35 30 30 0 0
DANIELLE 1662069600.00004 -44.6 38.1 0 40 35 30 0 15
DANIELLE 1662080400.00004 -44.4 38.0 0 45 40 30 0 30
DANIELLE 1662091200.00004 -44.2 37.9 0 50 50 35 10 40
DANIELLE 1662102000.00004 -44.1 37.9 0 55 60 40 20 50
DANIELLE 1662112800.00004 -43.9 37.8 0 58 65 45 30 55
DANIELLE 1662123600.00004 -43.8 37.8 0 60 70 50 40 60
DANIELLE 1662134400.00004 -43.7 37.8 0 63 75 55 50 65
DANIELLE 1662145200.00004 -43.6 37.8 1 65 80 60 60 70
DANIELLE 1662156000.00004 -43.5 37.8 1 65 85 65 65 75
DANIELLE 1662166800.00004 -43.5 37.9 1 65 90 70 70 80
DANIELLE 1662177600.00004 -43.5 38.0 1 65 95 75 75 85
DANIELLE 1662188400.00004 -43.6 38.0 1 65 100 80 80 90
DANIELLE 1662199200.00004 -43.7 38.0 0 63 105 85 80 90
DANIELLE 1662210000.00004 -43.8 38.0 0 60 110 90 80 90
DANIELLE 1662220800.00004 -44.0 38.0 0 60 110 90 80 90
DANIELLE 1662231600.00004 -44.2 38.0 0 60 110 90 80 90
DANIELLE 1662242400.00004 -44.4 38.0 0 60 110 90 80 95
DANIELLE 1662253200.00004 -44.6 38.0 0 60 110 90 80 100
DANIELLE 1662264000.00004 -44.8 38.0 0 63 110 95 80 100
DANIELLE 1662274800.00004 -45.0 37.9 1 65 110 100 80 100
DANIELLE 1662285600.00004 -45.2 37.9 1 68 110 100 80 100
DANIELLE 1662296400.00004 -45.3 37.9 1 70 110 100 80 100
DANIELLE 1662307200.00004 -45.4 38.0 1 70 110 100 80 100
DANIELLE 1662318000.00004 -45.4 38.1 1 70 110 100 80 100
DANIELLE 1662328800.00004 -45.3 38.2 1 73 110 100 85 95
DANIELLE 1662339600.00004 -45.2 38.4 1 75 110 100 90 90
DANIELLE 1662350400.00004 -45.1 38.5 1 75 110 100 90 90
DANIELLE 1662361200.00004 -45.0 38.7 1 75 110 100 90 90
DANIELLE 1662372000.00004 -44.8 38.9 1 75 110 105 90 90
DANIELLE 1662382800.00004 -44.6 39.2 1 75 110 110 90 90
DANIELLE 1662393600.00004 -44.4 39.5 1 75 110 110 95 90
DANIELLE 1662404400.00004 -44.1 39.9 1 75 110 110 100 90
DANIELLE 1662415200.00004 -43.8 40.2 1 75 110 115 100 95
DANIELLE 1662426000.00004 -43.6 40.6 1 75 110 120 100 100
DANIELLE 1662436800.00004 -43.4 41.0 1 73 115 125 105 100
DANIELLE 1662447600.00004 -43.1 41.3 1 70 120 130 110 100
DANIELLE 1662458400.00004 -42.8 41.6 1 68 120 130 115 100
DANIELLE 1662469200.00004 -42.5 41.8 1 65 120 130 120 100
DANIELLE 1662480000.00004 -42.2 42.0 1 65 125 135 125 105
DANIELLE 1662490800.00004 -41.8 42.1 1 65 130 140 130 110
DANIELLE 1662501600.00004 -41.4 42.2 1 65 135 145 135 110
DANIELLE 1662512400.00004 -41.0 42.3 1 65 140 150 140 110
DANIELLE 1662523200.00004 -40.5 42.4 1 65 145 155 140 115
DANIELLE 1662534000.00004 -39.9 42.5 1 65 150 160 140 120
DANIELLE 1662544800.00004 -39.3 42.7 1 68 155 165 145 125
DANIELLE 1662555600.00004 -38.6 42.9 1 70 160 170 150 130
DANIELLE 1662566400.00004 -37.9 43.2 1 70 165 170 155 135
DANIELLE 1662577200.00004 -37.2 43.5 1 70 170 170 160 140
DANIELLE 1662588000.00004 -36.4 43.9 1 70 170 175 160 145
DANIELLE 1662598800.00004 -35.6 44.4 1 70 170 180 160 150
DANIELLE 1662609600.00004 -34.7 44.8 1 68 175 180 165 155
DANIELLE 1662620400.00004 -33.9 45.3 1 65 180 180 170 160
DANIELLE 1662631200.00004 -33.1 45.7 0 63 185 180 170 165
DANIELLE 1662642000.00004 -32.4 46.2 0 60 190 180 170 170
DANIELLE 1662652800.00004 -31.8 46.7 0 58 190 180 175 180
DANIELLE 1662663600.00004 -31.4 47.3 -4 55 190 180 180 190
DANIELLE 1662674400.00004 -31.0 47.9 -4 55 195 175 180 195
DANIELLE 1662685200.00004 -30.8 48.5 -4 55 200 170 180 200
DANIELLE 1662696000.00004 -30.6 49.1 -4 55 200 165 180 200
DANIELLE 1662706800.00004 -30.5 49.8 -4 55 200 160 180 200
DANIELLE 1662717600.00004 -30.6 50.5 -4 53 200 155 180 200
DANIELLE 1662728400.00004 -31.1 51.0 -4 50 200 150 180 200
DANIELLE 1662739200.00004 -32.1 51.2 -4 50 200 140 180 200
DANIELLE 1662750000.00004 -33.2 51.1 -4 50 200 130 180 200
DANIELLE 1662760800.00004 -34.2 50.6 -4 48 100 125 180 195
DANIELLE 1662771600.00004 -34.8 49.8 -4 45 0 120 180 190
DANIELLE 1662782400.00004 -34.8 48.8 -4 45 0 120 180 175
DANIELLE 1662793200.00004 -34.1 47.8 -4 45 0 120 180 160
DANIELLE 1662804000.00004 -32.8 46.9 -4 45 0 120 175 80
DANIELLE 1662814800.00004 -31.2 46.1 -4 45 0 120 170 0
DANIELLE 1662825600.00004 -29.5 45.6 -4 43 0 120 170 0
DANIELLE 1662836400.00004 -28.0 45.2 -4 40 0 120 170 0
DANIELLE 1662847200.00004 -26.9 44.9 -4 40 0 120 165 0
DANIELLE 1662858000.00004 -26.1 44.7 -4 40 0 120 160 0
DANIELLE 1662868800.00004 -25.4 44.4 -4 40 0 120 160 0
DANIELLE 1662879600.00004 -24.7 43.9 -4 40 0 120 160 0
DANIELLE 1662890400.00004 -24.1 43.4 -4 38 0 120 155 0
DANIELLE 1662901200.00004 -23.4 42.7 -4 35 0 120 150 0
DANIELLE 1662912000.00004 -22.7 41.9 -4 35 0 60 150 0
DANIELLE 1662922800.00004 -21.9 41.2 -4 35 0 0 150 0
DANIELLE 1662933600.00004 -21.2 40.6 -4 35 0 0 145 0
DANIELLE 1662944400.00004 -20.4 40.1 -4 35 0 0 140 0
DANIELLE 1662955200.00004 -19.6 39.6 -4 35 0 0 130 20
DANIELLE 1662966000.00004 -18.8 39.1 -4 35 0 0 120 40
DANIELLE 1662976800.00004 -17.9 38.7 -4 35 0 0 115 40
DANIELLE 1662987600.00004 -17.0 38.4 -4 35 0 0 110 40
DANIELLE 1662998400.00004 -16.0 38.4 -4 35 0 0 100 20
DANIELLE 1663009200.00004 -15.0 38.6 -4 35 0 0 90 0
DANIELLE 1663020000.00004 -13.8 38.9 -4 35 0 30 90 0
DANIELLE 1663030800.00004 -12.7 39.4 -4 35 0 60 90 0
DANIELLE 1663041600.00004 -11.8 40.0 -4 35 30 60 45 0
DANIELLE 1663052400.00004 -11.2 40.8 -4 35 60 60 0 0
DANIELLE 1663063200.00004 -10.8 41.7 -4 35 60 60 0 0
DANIELLE 1663074000.00004 -10.6 42.5 -4 35 60 60 0 0
DANIELLE 1663084800.00004 -10.6 43.0 -4 35 60 60 0 0
DANIELLE 1663095600.00004 -10.7 43.3 -4 35 60 60 0 0
DANIELLE 1663106400.00004 -11.0 43.5 -4 35 60 60 0 0
DANIELLE 1663117200.00004 -11.3 43.6 -4 35 60 60 0 0
DANIELLE 1663128000.00004 -11.4 43.5 -4 33 -9999 -9999 -9999 -9999
DANIELLE 1663138800.00004 -11.4 43.3 -4 30 -9999 -9999 -9999 -9999
DANIELLE 1663149600.00004 -11.3 43.1 -4 28 -9999 -9999 -9999 -9999
DANIELLE 1663160400.00004 -11.2 43.0 -4 25 -9999 -9999 -9999 -9999
DANIELLE 1663171200.00004 -11.1 42.8 -4 25 -9999 -9999 -9999 -9999
DANIELLE 1663182000.00004 -10.9 42.7 -4 25 -9999 -9999 -9999 -9999
DANIELLE 1663192800.00004 -10.7 42.6 -4 25 -9999 -9999 -9999 -9999
DANIELLE 1663203600.00004 -10.4 42.5 -4 25 -9999 -9999 -9999 -9999
DANIELLE 1663214400.00004 -10.2 42.4 -4 25 -9999 -9999 -9999 -9999
DANIELLE 1663225200.00004 -10.1 42.2 -4 25 -9999 -9999 -9999 -9999
DANIELLE 1663236000.00004 -10.0 41.9 -4 25 -9999 -9999 -9999 -9999
DANIELLE 1663246800.00004 -10.0 41.6 -4 25 -9999 -9999 -9999 -9999
DANIELLE 1663257600.00004 -10.0 41.3 -4 23 -9999 -9999 -9999 -9999
DANIELLE 1663268400.00004 -10.1 40.9 -4 20 -9999 -9999 -9999 -9999
DANIELLE 1663279200.00004 -10.2 40.5 -4 20 -9999 -9999 -9999 -9999
DANIELLE 1663290000.00004 -10.3 40.2 -4 20 -9999 -9999 -9999 -9999
EARL 1662166800.00004 -58.6 17.9 0 35 0 60 0 0
EARL 1662177600.00004 -59.2 18.1 0 38 75 105 0 0
EARL 1662188400.00004 -59.8 18.3 0 40 150 150 0 0
EARL 1662199200.00004 -60.4 18.5 0 40 150 150 0 0
EARL 1662210000.00004 -60.9 18.6 0 40 150 150 0 0
EARL 1662220800.00004 -61.4 18.7 0 40 150 135 0 15
EARL 1662231600.00004 -61.9 18.9 0 40 150 120 0 30
EARL 1662242400.00004 -62.4 19.1 0 43 120 70 0 35
EARL 1662253200.00004 -62.9 19.2 0 45 90 20 0 40
EARL 1662264000.00004 -63.3 19.3 0 45 90 20 0 40
EARL 1662274800.00004 -63.6 19.4 0 45 90 20 0 40
EARL 1662285600.00004 -63.9 19.4 0 45 90 20 0 40
EARL 1662296400.00004 -64.1 19.5 0 45 90 20 0 40
EARL 1662307200.00004 -64.4 19.6 0 45 90 20 0 40
EARL 1662318000.00004 -64.6 19.8 0 45 90 20 0 40
EARL 1662328800.00004 -64.8 19.9 0 48 90 55 0 40
EARL 1662339600.00004 -65.0 20.0 0 50 90 90 0 40
EARL 1662350400.00004 -65.2 20.1 0 50 90 90 0 40
EARL 1662361200.00004 -65.3 20.3 0 50 90 90 0 40
EARL 1662372000.00004 -65.4 20.5 0 53 90 90 0 40
EARL 1662382800.00004 -65.4 20.8 0 55 90 90 0 40
EARL 1662393600.00004 -65.3 21.2 0 55 90 90 0 50
EARL 1662404400.00004 -65.2 21.5 0 55 90 90 0 60
EARL 1662415200.00004 -65.2 21.8 0 58 90 90 0 65
EARL 1662426000.00004 -65.2 22.0 0 60 90 90 0 70
EARL 1662436800.00004 -65.2 22.2 0 60 95 90 10 70
EARL 1662447600.00004 -65.2 22.5 0 60 100 90 20 70
EARL 1662458400.00004 -65.2 22.8 0 58 100 90 20 70
EARL 1662469200.00004 -65.3 23.1 0 55 100 90 20 70
EARL 1662480000.00004 -65.5 23.3 0 55 100 90 20 70
EARL 1662490800.00004 -65.7 23.5 0 55 100 90 20 70
EARL 1662501600.00004 -65.7 23.7 0 60 100 90 20 70
EARL 1662512400.00004 -65.7 23.9 1 65 100 90 20 70
EARL 1662523200.00004 -65.7 24.2 1 68 100 90 50 75
EARL 1662534000.00004 -65.8 24.5 1 70 100 90 80 80
EARL 1662544800.00004 -65.9 24.8 1 73 105 90 80 80
EARL 1662555600.00004 -65.9 25.0 1 75 110 90 80 80
EARL 1662566400.00004 -65.9 25.2 1 75 115 95 85 85
EARL 1662577200.00004 -65.8 25.4 1 75 120 100 90 90
EARL 1662588000.00004 -65.7 25.7 1 78 125 105 90 90
EARL 1662598800.00004 -65.6 26.1 1 80 130 110 90 90
EARL 1662609600.00004 -65.5 26.4 2 85 130 115 90 90
EARL 1662620400.00004 -65.5 26.8 2 90 130 120 90 90
EARL 1662631200.00004 -65.5 27.2 2 90 135 125 95 95
EARL 1662642000.00004 -65.5 27.7 2 90 140 130 100 100
EARL 1662652800.00004 -65.4 28.2 2 88 140 130 100 100
EARL 1662663600.00004 -65.3 28.7 2 85 140 130 100 100
EARL 1662674400.00004 -65.1 29.2 2 83 140 145 110 100
EARL 1662685200.00004 -64.8 29.7 1 80 140 160 120 100
EARL 1662696000.00004 -64.6 30.1 1 80 140 160 120 100
EARL 1662706800.00004 -64.3 30.6 1 80 140 160 120 100
EARL 1662717600.00004 -63.8 31.2 1 80 155 170 135 95
EARL 1662728400.00004 -63.2 31.9 1 80 170 180 150 90
EARL 1662739200.00004 -62.6 32.6 2 83 170 190 160 95
EARL 1662750000.00004 -61.9 33.4 2 85 170 200 170 100
EARL 1662760800.00004 -61.0 34.1 2 88 185 220 185 115
EARL 1662771600.00004 -59.8 34.9 2 90 200 240 200 130
EARL 1662782400.00004 -58.3 35.9 2 93 210 265 215 150
EARL 1662793200.00004 -56.8 37.1 2 95 220 290 230 170
EARL 1662804000.00004 -55.4 38.5 2 93 220 325 290 245
EARL 1662814800.00004 -54.3 40.0 2 90 220 360 350 320
EARL 1662825600.00004 -53.6 41.3 2 85 260 360 350 320
EARL 1662836400.00004 -53.3 42.4 1 80 300 360 350 320
EARL 1662847200.00004 -53.0 43.0 1 75 300 360 385 325
EARL 1662858000.00004 -52.8 43.3 -4 70 300 360 420 330
EARL 1662868800.00004 -52.7 43.3 -4 65 315 360 385 330
EARL 1662879600.00004 -52.6 43.3 -4 60 330 360 350 330
EARL 1662890400.00004 -52.4 43.5 -4 58 315 360 385 330
EARL 1662901200.00004 -52.2 43.8 -4 55 300 360 420 330
EARL 1662912000.00004 -52.1 44.0 -4 53 300 270 385 315
EARL 1662922800.00004 -52.0 44.2 -4 50 300 180 350 300
EARL 1662933600.00004 -51.9 44.3 -4 48 225 165 350 300
EARL 1662944400.00004 -51.9 44.3 -4 45 150 150 350 300
EARL 1662955200.00004 -51.9 44.2 -4 45 170 150 335 275
EARL 1662966000.00004 -51.9 44.2 -4 45 190 150 320 250
EARL 1662976800.00004 -52.0 44.3 -4 43 155 125 300 235
EARL 1662987600.00004 -52.1 44.3 -4 40 120 100 280 220
EARL 1662998400.00004 -52.1 44.2 -4 40 120 100 280 220
EARL 1663009200.00004 -51.9 43.9 -4 40 120 100 280 220
EARL 1663020000.00004 -51.8 43.5 -4 38 60 50 290 110
EARL 1663030800.00004 -51.2 43.2 -4 35 0 0 300 0
EARL 1663041600.00004 -49.8 43.0 -4 35 0 125 285 0
EARL 1663052400.00004 -48.3 42.9 -4 35 0 250 270 0
EARL 1663063200.00004 -47.5 42.9 -4 35 0 245 245 0
EARL 1663074000.00004 -46.8 43.0 -4 35 0 240 220 0
EARL 1663084800.00004 -46.0 43.1 -4 35 0 240 220 0
EARL 1663095600.00004 -45.2 43.4 -4 35 0 240 220 0
EARL 1663106400.00004 -44.4 43.8 -4 35 0 240 220 0
EARL 1663117200.00004 -43.7 44.3 -4 35 0 240 220 0
EARL 1663128000.00004 -43.0 44.7 -4 35 0 230 210 0
EARL 1663138800.00004 -42.4 45.0 -4 35 0 220 200 0
EARL 1663149600.00004 -42.0 45.2 -4 35 0 220 200 0
EARL 1663160400.00004 -41.6 45.4 -4 35 0 220 200 0
EARL 1663171200.00004 -41.2 45.5 -4 35 0 110 210 0
EARL 1663182000.00004 -40.9 45.5 -4 35 0 0 220 0
EARL 1663192800.00004 -40.7 45.4 -4 33 -9999 -9999 -9999 -9999
EARL 1663203600.00004 -40.5 45.3 -4 30 -9999 -9999 -9999 -9999
EARL 1663214400.00004 -40.0 45.2 -4 30 -9999 -9999 -9999 -9999
EARL 1663225200.00004 -39.4 45.2 -4 30 -9999 -9999 -9999 -9999
EARL 1663236000.00004 -38.6 45.2 -4 30 -9999 -9999 -9999 -9999
EARL 1663246800.00004 -37.7 45.2 -4 30 -9999 -9999 -9999 -9999
EARL 1663257600.00004 -36.9 45.4 -4 30 -9999 -9999 -9999 -9999
EARL 1663268400.00004 -36.1 45.6 -4 30 -9999 -9999 -9999 -9999
FIONA 1663160400.00004 -47.9 16.0 -1 25 -9999 -9999 -9999 -9999
FIONA 1663171200.00004 -48.5 16.2 -1 28 -9999 -9999 -9999 -9999
FIONA 1663182000.00004 -49.1 16.4 -1 30 -9999 -9999 -9999 -9999
FIONA 1663192800.00004 -49.6 16.5 -1 33 -9999 -9999 -9999 -9999
FIONA 1663203600.00004 -50.1 16.6 0 35 60 60 0 0
FIONA 1663214400.00004 -50.7 16.6 0 40 80 90 0 0
FIONA 1663225200.00004 -51.3 16.6 0 45 100 120 0 0
FIONA 1663236000.00004 -51.9 16.6 0 45 100 120 0 0
FIONA 1663246800.00004 -52.4 16.5 0 45 100 120 0 0
FIONA 1663257600.00004 -53.0 16.4 0 45 110 115 0 50
FIONA 1663268400.00004 -53.6 16.4 0 45 120 110 0 100
FIONA 1663279200.00004 -54.2 16.4 0 48 120 110 0 100
FIONA 1663290000.00004 -54.8 16.3 0 50 120 110 0 100
FIONA 1663300800.00004 -55.5 16.2 0 50 120 110 0 100
FIONA 1663311600.00004 -56.2 16.1 0 50 120 110 0 100
FIONA 1663322400.00004 -56.9 15.9 0 50 120 110 0 100
FIONA 1663333200.00004 -57.5 15.8 0 50 120 110 0 100
FIONA 1663344000.00004 -58.1 15.7 0 48 120 110 0 100
FIONA 1663354800.00004 -58.8 15.8 0 45 120 110 0 100
FIONA 1663365600.00004 -59.6 16.0 0 45 120 110 0 95
FIONA 1663376400.00004 -60.4 16.3 0 45 120 110 0 90
FIONA 1663387200.00004 -60.9 16.4 0 48 120 110 0 90
FIONA 1663395300.00004 -61.4 16.4 0 50 120 110 0 90
FIONA 1663398000.00004 -61.6 16.4 0 50 120 110 0 90
FIONA 1663408800.00004 -62.2 16.4 0 50 115 105 0 85
FIONA 1663419600.00004 -62.6 16.3 0 50 110 100 0 80
FIONA 1663430400.00004 -63.0 16.3 0 50 110 100 0 80
FIONA 1663441200.00004 -63.3 16.4 0 50 110 100 0 80
FIONA 1663452000.00004 -63.6 16.5 0 50 110 110 0 80
FIONA 1663462800.00004 -64.0 16.5 0 50 110 120 0 80
FIONA 1663473600.00004 -64.3 16.5 0 50 110 120 15 80
FIONA 1663484400.00004 -64.7 16.5 0 50 110 120 30 80
FIONA 1663495200.00004 -65.1 16.7 0 53 110 120 30 80
FIONA 1663506000.00004 -65.5 16.9 0 55 110 120 30 80
FIONA 1663516800.00004 -65.9 17.0 0 60 110 120 30 80
FIONA 1663527600.00004 -66.2 17.2 1 65 110 120 30 80
FIONA 1663538400.00004 -66.5 17.4 1 70 110 120 30 80
FIONA 1663549200.00004 -66.9 17.8 1 75 110 120 30 80
FIONA 1663554000.000036 -67.1 18.0 1 75 110 120 30 80
FIONA 1663560000.00004 -67.4 18.1 1 75 114 120 30 84
FIONA 1663570800.00004 -67.8 18.1 1 75 120 120 30 90
FIONA 1663581600.00004 -68.1 18.1 1 78 120 125 40 90
FIONA 1663592400.00004 -68.4 18.2 1 80 120 130 50 90
FIONA 1663597800.00004 -68.5 18.4 1 80 120 130 50 90
FIONA 1663603200.00004 -68.6 18.6 1 78 120 127 50 93
FIONA 1663614000.00004 -68.9 18.8 1 75 120 120 50 100
FIONA 1663624800.00004 -69.2 19.1 1 80 120 120 50 100
FIONA 1663635600.00004 -69.5 19.5 2 85 120 120 50 100
FIONA 1663646400.00004 -69.8 19.9 2 90 125 125 55 100
FIONA 1663657200.00004 -70.1 20.2 2 95 130 130 60 100
FIONA 1663668000.00004 -70.4 20.5 3 98 130 130 60 100
FIONA 1663678800.00004 -70.7 20.8 3 100 130 130 60 100
FIONA 1663689600.00004 -70.9 21.2 3 100 130 130 60 100
FIONA 1663696800.000054 -71.1 21.4 3 100 130 130 60 100
FIONA 1663700400.00004 -71.2 21.5 3 100 130 130 80 120
FIONA 1663711200.00004 -71.5 21.9 3 100 130 130 80 120
FIONA 1663722000.00004 -71.7 22.3 3 100 130 130 80 120
FIONA 1663732800.00004 -71.8 22.6 3 105 135 130 80 120
FIONA 1663743600.00004 -71.8 22.9 3 110 140 130 80 120
FIONA 1663754400.00004 -71.8 23.2 4 115 140 130 80 120
FIONA 1663765200.00004 -71.8 23.5 4 120 140 130 80 120
FIONA 1663776000.00004 -71.8 23.8 4 118 140 150 80 120
FIONA 1663786800.00004 -71.7 24.2 4 115 140 170 80 120
FIONA 1663797600.00004 -71.7 24.6 4 115 140 170 80 120
FIONA 1663808400.00004 -71.6 25.1 4 115 140 170 80 120
FIONA 1663819200.00004 -71.5 25.5 4 115 145 175 95 125
FIONA 1663830000.00004 -71.4 26.0 4 115 150 180 110 130
FIONA 1663840800.00004 -71.3 26.4 4 115 150 180 120 140
FIONA 1663851600.00004 -71.1 26.9 4 115 150 180 130 150
FIONA 1663862400.00004 -70.9 27.4 4 115 150 180 130 150
FIONA 1663873200.00004 -70.6 28.0 4 115 150 180 130 150
FIONA 1663884000.00004 -70.3 28.7 4 115 165 210 130 150
FIONA 1663894800.00004 -70.0 29.5 4 115 180 240 130 150
FIONA 1663905600.00004 -69.6 30.2 4 115 200 240 140 155
FIONA 1663916400.00004 -69.0 30.9 4 115 220 240 150 160
FIONA 1663927200.00004 -68.4 31.7 4 115 235 270 150 160
FIONA 1663938000.00004 -67.5 32.5 4 115 250 300 150 160
FIONA 1663948800.00004 -66.4 33.3 4 115 250 300 150 160
FIONA 1663959600.00004 -65.0 34.3 4 115 250 300 150 160
FIONA 1663970400.00004 -63.2 35.9 4 113 250 300 165 180
FIONA 1663981200.00004 -61.7 37.8 3 110 250 300 180 200
FIONA 1663992000.00004 -60.9 40.1 3 105 250 300 190 200
FIONA 1664002800.00004 -60.7 42.3 -4 100 250 300 200 200
FIONA 1664013600.00004 -60.9 44.0 -4 93 263 325 275 238
FIONA 1664024400.00004 -61.2 45.0 -4 85 275 350 350 275
FIONA 1664028000.000067 -61.2 45.2 -4 85 275 350 350 275
FIONA 1664035200.00004 -61.2 45.8 -4 81 273 350 350 261
FIONA 1664046000.00004 -61.2 46.8 -4 75 270 350 350 240
FIONA 1664056800.00004 -61.1 47.4 -4 70 270 355 415 225
FIONA 1664067600.00004 -60.8 47.9 -4 65 270 360 480 210
FIONA 1664078400.00004 -60.4 48.3 -4 63 235 405 480 210
FIONA 1664089200.00004 -59.8 48.8 -4 60 200 450 480 210
FIONA 1664100000.00004 -59.2 49.6 -4 55 160 325 320 185
FIONA 1664110800.00004 -58.6 50.6 -4 50 120 200 160 160
FIONA 1664118000.000054 -58.3 51.3 -4 45 120 200 160 160
FIONA 1664121600.00004 -58.1 51.7 -4 45 120 200 160 160
FIONA 1664132400.00004 -57.5 53.1 -4 45 120 200 160 160
FIONA 1664143200.00004 -57.6 54.4 -4 43 120 200 160 160
FIONA 1664154000.00004 -58.0 55.5 -4 40 120 200 160 160
FIONA 1664164800.00004 -58.5 56.6 -4 38 120 200 160 160
FIONA 1664175600.00004 -59.0 57.5 -4 35 120 200 160 160
FIONA 1664186400.00004 -59.1 58.1 -4 35 120 200 160 160
FIONA 1664197200.00004 -59.0 58.5 -4 35 120 200 160 160
FIONA 1664208000.00004 -59.0 59.0 -4 35 120 200 160 160
FIONA 1664218800.00004 -59.0 59.5 -4 35 120 200 160 160
FIONA 1664229600.00004 -58.8 60.0 -4 35 120 200 160 140
FIONA 1664240400.00004 -58.5 60.5 -4 35 120 200 160 120
FIONA 1664251200.00004 -58.3 61.0 -4 35 120 200 160 120
FIONA 1664262000.00004 -58.0 61.5 -4 35 120 200 160 120
FIONA 1664272800.00004 -57.6 62.0 -4 35 120 200 160 120
FIONA 1664283600.00004 -57.0 62.5 -4 35 120 200 160 120
FIONA 1664294400.00004 -56.1 62.9 -4 35 120 200 160 120
FIONA 1664305200.00004 -55.0 63.3 -4 35 120 200 160 120
FIONA 1664316000.00004 -53.6 63.7 -4 30 -9999 -9999 -9999 -9999
FIONA 1664326800.00004 -52.0 64.0 -4 25 -9999 -9999 -9999 -9999
GASTON 1663614000.00004 -46.3 28.7 -3 25 -9999 -9999 -9999 -9999
GASTON 1663624800.00004 -46.0 29.2 -3 25 -9999 -9999 -9999 -9999
GASTON 1663635600.00004 -45.8 29.6 -3 25 -9999 -9999 -9999 -9999
GASTON 1663646400.00004 -45.8 30.0 -3 25 -9999 -9999 -9999 -9999
GASTON 1663657200.00004 -45.8 30.4 -3 25 -9999 -9999 -9999 -9999
GASTON 1663668000.00004 -45.9 30.8 -3 25 -9999 -9999 -9999 -9999
GASTON 1663678800.00004 -45.9 31.3 -3 25 -9999 -9999 -9999 -9999
GASTON 1663689600.00004 -45.9 31.9 -3 28 -9999 -9999 -9999 -9999
GASTON 1663700400.00004 -45.8 32.5 -1 30 -9999 -9999 -9999 -9999
GASTON 1663711200.00004 -45.5 33.2 -1 33 -9999 -9999 -9999 -9999
GASTON 1663722000.00004 -45.0 34.0 0 35 60 0 0 50
GASTON 1663732800.00004 -44.6 34.8 0 40 60 30 0 50
GASTON 1663743600.00004 -44.1 35.5 0 45 60 60 0 50
GASTON 1663754400.00004 -43.6 36.2 0 50 60 60 30 50
GASTON 1663765200.00004 -43.1 36.9 0 55 60 60 60 50
GASTON 1663776000.00004 -42.6 37.5 0 55 60 60 60 50
GASTON 1663786800.00004 -42.0 37.9 0 55 60 60 60 50
GASTON 1663797600.00004 -41.4 38.3 0 55 50 55 55 50
GASTON 1663808400.00004 -40.7 38.6 0 55 40 50 50 50
GASTON 1663819200.00004 -39.7 39.0 0 55 40 50 50 50
GASTON 1663830000.00004 -38.6 39.4 0 55 40 50 50 50
GASTON 1663840800.00004 -37.5 39.8 0 55 50 60 60 60
GASTON 1663851600.00004 -36.5 40.1 0 55 60 70 70 70
GASTON 1663862400.00004 -35.6 40.4 0 55 75 85 85 80
GASTON 1663873200.00004 -34.8 40.7 0 55 90 100 100 90
GASTON 1663884000.00004 -33.9 40.9 0 55 90 100 100 90
GASTON 1663894800.00004 -33.1 41.0 0 55 90 100 100 90
GASTON 1663905600.00004 -32.3 41.1 0 55 90 100 100 90
GASTON 1663916400.00004 -31.5 41.1 0 55 90 100 100 90
GASTON 1663927200.00004 -30.7 41.0 0 55 90 100 100 90
GASTON 1663938000.00004 -30.1 40.9 0 55 90 100 100 90
GASTON 1663948800.00004 -29.6 40.7 0 55 90 100 100 120
GASTON 1663959600.00004 -29.2 40.5 0 55 90 100 100 150
GASTON 1663970400.00004 -28.9 40.2 0 53 90 100 100 150
GASTON 1663981200.00004 -28.8 39.8 0 50 90 100 100 150
GASTON 1663992000.00004 -28.9 39.4 0 48 90 100 100 150
GASTON 1664002800.00004 -29.2 39.1 0 45 90 100 100 150
GASTON 1664013600.00004 -29.4 38.9 0 45 90 100 100 150
GASTON 1664024400.00004 -29.7 38.7 0 45 90 100 100 150
GASTON 1664035200.00004 -30.0 38.4 0 43 90 95 100 145
GASTON 1664046000.00004 -30.4 38.2 0 40 90 90 100 140
GASTON 1664056800.00004 -30.9 38.0 0 43 95 45 50 120
GASTON 1664067600.00004 -31.4 38.0 0 45 100 0 0 100
GASTON 1664078400.00004 -32.0 38.1 0 45 100 0 0 80
GASTON 1664089200.00004 -32.7 38.4 0 45 100 0 0 60
GASTON 1664100000.00004 -33.4 38.6 0 45 100 0 0 60
GASTON 1664110800.00004 -34.1 38.9 0 45 100 0 0 60
GASTON 1664121600.00004 -34.9 39.2 0 45 100 0 30 60
GASTON 1664132400.00004 -35.7 39.4 0 45 100 0 60 60
GASTON 1664143200.00004 -36.4 39.4 0 43 95 0 55 60
GASTON 1664154000.00004 -37.0 39.2 0 40 90 0 50 60
GASTON 1664164800.00004 -37.4 39.0 0 38 75 0 25 55
GASTON 1664175600.00004 -37.7 38.8 -3 35 60 0 0 50
GASTON 1664186400.00004 -38.1 38.6 -3 35 60 0 0 50
GASTON 1664197200.00004 -38.5 38.5 -3 35 60 0 0 50
GASTON 1664208000.00004 -38.9 38.4 -3 33 -9999 -9999 -9999 -9999
GASTON 1664218800.00004 -39.4 38.4 -3 30 -9999 -9999 -9999 -9999
GASTON 1664229600.00004 -39.9 38.3 -3 30 -9999 -9999 -9999 -9999
GASTON 1664240400.00004 -40.4 38.2 -3 30 -9999 -9999 -9999 -9999
GASTON 1664251200.00004 -40.9 38.1 -3 30 -9999 -9999 -9999 -9999
GASTON 1664262000.00004 -41.5 38.0 -3 30 -9999 -9999 -9999 -9999
GASTON 1664272800.00004 -42.1 37.8 -3 30 -9999 -9999 -9999 -9999
GASTON 1664283600.00004 -42.8 37.6 -3 30 -9999 -9999 -9999 -9999
GASTON 1664294400.00004 -43.5 37.4 -3 28 -9999 -9999 -9999 -9999
GASTON 1664305200.00004 -44.2 37.2 -3 25 -9999 -9999 -9999 -9999
GASTON 1664316000.00004 -45.0 37.1 -3 25 -9999 -9999 -9999 -9999
GASTON 1664326800.00004 -45.9 37.0 -3 25 -9999 -9999 -9999 -9999
IAN 1663894800.00004 -66.3 12.3 -3 30 -9999 -9999 -9999 -9999
IAN 1663905600.00004 -66.8 12.6 -3 30 -9999 -9999 -9999 -9999
IAN 1663916400.00004 -67.2 12.9 -3 30 -9999 -9999 -9999 -9999
IAN 1663927200.00004 -67.6 13.3 -3 30 -9999 -9999 -9999 -9999
IAN 1663938000.00004 -68.1 13.7 -1 30 -9999 -9999 -9999 -9999
IAN 1663948800.00004 -68.7 14.0 -1 30 -9999 -9999 -9999 -9999
IAN 1663959600.00004 -69.3 14.2 -1 30 -9999 -9999 -9999 -9999
IAN 1663970400.00004 -70.0 14.4 -1 30 -9999 -9999 -9999 -9999
IAN 1663981200.00004 -70.6 14.6 -1 30 -9999 -9999 -9999 -9999
IAN 1663992000.00004 -71.2 14.7 -1 33 -9999 -9999 -9999 -9999
IAN 1664002800.00004 -71.7 14.7 0 35 0 0 0 30
IAN 1664013600.00004 -72.3 14.7 0 35 0 0 0 30
IAN 1664024400.00004 -72.9 14.7 0 35 0 0 0 30
IAN 1664035200.00004 -73.6 14.6 0 38 0 0 0 40
IAN 1664046000.00004 -74.4 14.5 0 40 0 0 0 50
IAN 1664056800.00004 -75.1 14.4 0 40 0 0 0 50
IAN 1664067600.00004 -75.8 14.4 0 40 0 0 0 50
IAN 1664078400.00004 -76.5 14.5 0 40 20 0 0 50
IAN 1664089200.00004 -77.2 14.6 0 40 40 0 0 50
IAN 1664100000.00004 -77.8 14.6 0 40 40 0 0 50
IAN 1664110800.00004 -78.3 14.6 0 40 40 0 0 50
IAN 1664121600.00004 -78.9 14.7 0 40 40 0 0 50
IAN 1664132400.00004 -79.4 15.0 0 40 40 0 0 50
IAN 1664143200.00004 -79.8 15.4 0 40 40 0 0 50
IAN 1664154000.00004 -80.1 15.8 0 40 40 0 0 50
IAN 1664164800.00004 -80.5 16.3 0 45 50 30 0 40
IAN 1664175600.00004 -80.9 16.8 0 50 60 60 0 30
IAN 1664186400.00004 -81.3 17.2 0 58 65 65 15 50
IAN 1664197200.00004 -81.7 17.7 1 65 70 70 30 70
IAN 1664208000.00004 -82.1 18.2 1 68 80 75 35 80
IAN 1664218800.00004 -82.4 18.7 1 70 90 80 40 90
IAN 1664229600.00004 -82.7 19.2 1 75 95 85 50 90
IAN 1664240400.00004 -83.0 19.7 1 80 100 90 60 90
IAN 1664251200.00004 -83.2 20.2 2 83 100 90 60 90
IAN 1664262000.00004 -83.3 20.8 2 85 100 90 60 90
IAN 1664272800.00004 -83.5 21.3 2 93 100 95 65 90
IAN 1664283600.00004 -83.6 21.8 3 100 100 100 70 90
IAN 1664292600.000067 -83.7 22.2 3 110 100 100 70 90
IAN 1664294400.00004 -83.7 22.3 3 109 103 103 74 94
IAN 1664305200.00004 -83.6 22.6 3 100 120 120 100 120
IAN 1664316000.00004 -83.5 23.0 3 103 120 120 100 120
IAN 1664326800.00004 -83.3 23.5 3 105 120 120 100 120
IAN 1664337600.00004 -83.2 24.0 3 105 120 120 100 120
IAN 1664348400.00004 -83.0 24.4 3 105 120 120 100 120
IAN 1664355600.000054 -82.9 24.6 3 110 120 120 100 120
IAN 1664359200.00004 -82.9 24.7 3 112 120 122 100 127
IAN 1664370000.00004 -82.9 25.2 4 120 120 130 100 150
IAN 1664380800.00004 -82.8 25.6 4 130 120 135 100 150
IAN 1664391600.00004 -82.7 26.0 5 140 120 140 100 150
IAN 1664402400.00004 -82.7 26.3 5 138 125 145 100 150
IAN 1664413200.00004 -82.4 26.6 4 135 130 150 100 150
IAN 1664417100.000049 -82.2 26.7 4 130 130 150 100 150
IAN 1664422500.000049 -82.0 26.8 4 125 130 150 100 150
IAN 1664424000.00004 -82.0 26.8 4 122 136 146 102 159
IAN 1664434800.00004 -81.7 27.2 3 100 180 120 120 220
IAN 1664445600.00004 -81.4 27.5 2 83 270 120 135 210
IAN 1664456400.00004 -81.1 27.7 1 65 360 120 150 200
IAN 1664467200.00004 -80.8 28.0 0 63 360 120 150 200
IAN 1664478000.00004 -80.6 28.4 0 60 360 120 150 200
IAN 1664488800.00004 -80.4 28.6 0 63 360 130 150 200
IAN 1664499600.00004 -80.1 28.9 1 65 360 140 150 200
IAN 1664510400.00004 -79.7 29.2 1 68 390 145 135 210
IAN 1664521200.00004 -79.4 29.6 1 70 420 150 120 220
IAN 1664532000.00004 -79.2 29.9 1 73 420 140 110 190
IAN 1664542800.00004 -79.1 30.3 1 75 420 130 100 160
IAN 1664553600.00004 -79.0 30.8 1 75 330 130 110 150
IAN 1664564400.00004 -79.0 31.5 1 75 240 130 120 140
IAN 1664575200.00004 -79.1 32.7 1 73 215 130 110 100
IAN 1664586000.00004 -79.2 33.3 1 70 190 130 100 60
IAN 1664586300.000063 -79.2 33.3 1 70 190 130 100 60
IAN 1664596800.00004 -79.2 33.7 0 60 175 150 51 30
IAN 1664607600.00004 -79.3 34.4 -4 50 160 170 0 0
IAN 1664618400.00004 -79.5 34.9 -4 40 80 85 -9999 -9999
IAN 1664629200.00004 -79.7 35.3 -4 30 -9999 -9999 -9999 -9999
HERMINE 1663938000.00004 -19.4 16.6 -3 30 -9999 -9999 -9999 -9999
HERMINE 1663948800.00004 -19.7 17.0 -3 30 -9999 -9999 -9999 -9999
HERMINE 1663959600.00004 -19.9 17.4 -1 30 -9999 -9999 -9999 -9999
HERMINE 1663970400.00004 -20.1 17.8 -1 33 -9999 -9999 -9999 -9999
HERMINE 1663981200.00004 -20.3 18.1 0 35 40 0 0 0
HERMINE 1663992000.00004 -20.5 18.4 0 35 40 0 0 0
HERMINE 1664002800.00004 -20.7 18.7 0 35 40 0 0 0
HERMINE 1664013600.00004 -20.8 19.0 0 35 40 0 0 0
HERMINE 1664024400.00004 -20.9 19.4 0 35 40 0 0 0
HERMINE 1664035200.00004 -20.9 19.8 -1 33 -9999 -9999 -9999 -9999
HERMINE 1664046000.00004 -20.9 20.3 -1 30 -9999 -9999 -9999 -9999
HERMINE 1664056800.00004 -20.8 20.8 -1 30 -9999 -9999 -9999 -9999
HERMINE 1664067600.00004 -20.7 21.4 -1 30 -9999 -9999 -9999 -9999
HERMINE 1664078400.00004 -20.6 21.9 -1 30 -9999 -9999 -9999 -9999
HERMINE 1664089200.00004 -20.5 22.4 -3 30 -9999 -9999 -9999 -9999
HERMINE 1664100000.00004 -20.4 22.8 -3 28 -9999 -9999 -9999 -9999
HERMINE 1664110800.00004 -20.3 23.1 -3 25 -9999 -9999 -9999 -9999
HERMINE 1664121600.00004 -20.2 23.4 -3 25 -9999 -9999 -9999 -9999
HERMINE 1664132400.00004 -20.1 23.7 -3 25 -9999 -9999 -9999 -9999
HERMINE 1664143200.00004 -20.0 23.9 -3 25 -9999 -9999 -9999 -9999
HERMINE 1664154000.00004 -19.8 24.1 -3 25 -9999 -9999 -9999 -9999
HERMINE 1664164800.00004 -19.6 24.3 -3 25 -9999 -9999 -9999 -9999
HERMINE 1664175600.00004 -19.4 24.6 -3 25 -9999 -9999 -9999 -9999
UNNAMED 1664240400.00004 -35.8 13.8 -3 25 -9999 -9999 -9999 -9999
UNNAMED 1664251200.00004 -35.6 13.7 -3 25 -9999 -9999 -9999 -9999
UNNAMED 1664262000.00004 -35.4 13.6 -3 25 -9999 -9999 -9999 -9999
UNNAMED 1664272800.00004 -35.2 13.6 -3 25 -9999 -9999 -9999 -9999
UNNAMED 1664283600.00004 -35.0 13.6 -3 25 -9999 -9999 -9999 -9999
UNNAMED 1664294400.00004 -34.8 13.7 -3 25 -9999 -9999 -9999 -9999
UNNAMED 1664305200.00004 -34.7 13.8 -3 25 -9999 -9999 -9999 -9999
UNNAMED 1664316000.00004 -34.6 13.9 -3 25 -9999 -9999 -9999 -9999
UNNAMED 1664326800.00004 -34.5 14.1 -3 25 -9999 -9999 -9999 -9999
UNNAMED 1664337600.00004 -34.4 14.3 -3 28 -9999 -9999 -9999 -9999
UNNAMED 1664348400.00004 -34.3 14.5 -1 30 -9999 -9999 -9999 -9999
UNNAMED 1664359200.00004 -34.2 14.8 -1 30 -9999 -9999 -9999 -9999
UNNAMED 1664370000.00004 -34.2 15.1 -1 30 -9999 -9999 -9999 -9999
UNNAMED 1664380800.00004 -34.2 15.4 -1 28 -9999 -9999 -9999 -9999
UNNAMED 1664391600.00004 -34.3 15.7 -1 25 -9999 -9999 -9999 -9999
UNNAMED 1664402400.00004 -34.5 16.0 -1 25 -9999 -9999 -9999 -9999
UNNAMED 1664413200.00004 -34.7 16.2 -1 25 -9999 -9999 -9999 -9999
UNNAMED 1664424000.00004 -34.9 16.4 -1 25 -9999 -9999 -9999 -9999
UNNAMED 1664434800.00004 -35.2 16.7 -1 25 -9999 -9999 -9999 -9999
UNNAMED 1664445600.00004 -35.6 17.1 -1 25 -9999 -9999 -9999 -9999
UNNAMED 1664456400.00004 -36.0 17.5 -1 25 -9999 -9999 -9999 -9999
UNNAMED 1664467200.00004 -36.4 17.9 -1 25 -9999 -9999 -9999 -9999
UNNAMED 1664478000.00004 -36.9 18.3 -3 25 -9999 -9999 -9999 -9999
UNNAMED 1664910000.00004 -29.5 13.6 -1 30 -9999 -9999 -9999 -9999
UNNAMED 1664920800.00004 -29.9 13.9 -1 30 -9999 -9999 -9999 -9999
UNNAMED 1664931600.00004 -30.2 14.2 -1 30 -9999 -9999 -9999 -9999
UNNAMED 1664942400.00004 -30.4 14.4 -1 30 -9999 -9999 -9999 -9999
UNNAMED 1664953200.00004 -30.5 14.6 -1 30 -9999 -9999 -9999 -9999
UNNAMED 1664964000.00004 -30.7 14.8 -1 30 -9999 -9999 -9999 -9999
UNNAMED 1664974800.00004 -30.9 15.0 -1 30 -9999 -9999 -9999 -9999
UNNAMED 1664985600.00004 -31.2 15.1 -1 30 -9999 -9999 -9999 -9999
UNNAMED 1664996400.00004 -31.5 15.3 -1 30 -9999 -9999 -9999 -9999
UNNAMED 1665007200.00004 -31.7 15.6 -1 30 -9999 -9999 -9999 -9999
UNNAMED 1665018000.00004 -31.9 16.0 -1 30 -9999 -9999 -9999 -9999
UNNAMED 1665028800.00004 -32.0 16.5 -1 30 -9999 -9999 -9999 -9999
UNNAMED 1665039600.00004 -32.1 17.0 -1 30 -9999 -9999 -9999 -9999
UNNAMED 1665050400.00004 -32.4 17.4 -1 30 -9999 -9999 -9999 -9999
UNNAMED 1665061200.00004 -32.8 17.7 -1 30 -9999 -9999 -9999 -9999
UNNAMED 1665072000.00004 -33.3 17.9 -1 30 -9999 -9999 -9999 -9999
UNNAMED 1665082800.00004 -33.9 18.1 -1 30 -9999 -9999 -9999 -9999
UNNAMED 1665093600.00004 -34.5 18.4 -1 30 -9999 -9999 -9999 -9999
UNNAMED 1665104400.00004 -35.0 18.7 -1 30 -9999 -9999 -9999 -9999
JULIA 1665082800.00004 -66.5 11.4 -3 30 -9999 -9999 -9999 -9999
JULIA 1665093600.00004 -67.1 11.5 -3 30 -9999 -9999 -9999 -9999
JULIA 1665104400.00004 -67.8 11.6 -3 30 -9999 -9999 -9999 -9999
JULIA 1665115200.00004 -68.5 11.8 -3 30 -9999 -9999 -9999 -9999
JULIA 1665126000.00004 -69.2 11.9 -1 30 -9999 -9999 -9999 -9999
JULIA 1665136800.00004 -69.8 12.0 -1 30 -9999 -9999 -9999 -9999
JULIA 1665147600.00004 -70.6 12.1 -1 30 -9999 -9999 -9999 -9999
JULIA 1665156600.000067 -71.2 12.2 -1 30 -9999 -9999 -9999 -9999
JULIA 1665158400.00004 -71.3 12.2 -1 31 -9999 -9999 -9999 -9999
JULIA 1665169200.00004 -72.1 12.5 0 35 70 0 0 0
JULIA 1665180000.00004 -72.9 12.7 0 38 75 0 0 0
JULIA 1665190800.00004 -73.8 12.8 0 40 80 0 0 0
JULIA 1665201600.00004 -74.7 12.8 0 43 85 0 0 35
JULIA 1665212400.00004 -75.5 12.8 0 45 90 0 0 70
JULIA 1665223200.00004 -76.4 12.7 0 48 95 0 0 75
JULIA 1665234000.00004 -77.2 12.7 0 50 100 0 0 80
JULIA 1665244800.00004 -78.1 12.7 0 53 100 20 20 80
JULIA 1665255600.00004 -78.9 12.7 0 55 100 40 40 80
JULIA 1665266400.00004 -79.7 12.7 0 58 100 45 45 85
JULIA 1665277200.00004 -80.5 12.6 0 60 100 50 50 90
JULIA 1665288000.00004 -81.3 12.5 0 63 100 55 55 95
JULIA 1665298800.00004 -82.0 12.5 1 65 100 60 60 100
JULIA 1665309600.00004 -82.6 12.4 1 70 100 65 60 100
JULIA 1665320400.00004 -83.3 12.4 1 75 100 70 60 100
JULIA 1665324900.000054 -83.6 12.4 1 75 100 70 60 100
JULIA 1665331200.00004 -84.0 12.4 1 71 93 66 56 93
JULIA 1665342000.00004 -84.7 12.3 1 65 80 60 50 80
JULIA 1665352800.00004 -85.4 12.3 0 55 65 50 45 65
JULIA 1665363600.00004 -86.2 12.3 0 45 50 40 40 50
JULIA 1665374400.00004 -86.9 12.4 0 43 45 45 35 45
JULIA 1665385200.00004 -87.6 12.6 0 40 40 50 30 40
JULIA 1665396000.00004 -88.2 12.8 0 38 35 40 15 30
JULIA 1665406800.00004 -88.8 13.1 0 35 30 30 0 20
JULIA 1665417600.00004 -89.3 13.4 0 35 30 30 0 20
JULIA 1665424800.000054 -89.7 13.6 0 35 30 30 0 20
JULIA 1665428400.00004 -89.9 13.7 -1 30 -9999 -9999 -9999 -9999
KARL 1665514800.00004 -94.1 19.0 -1 30 -9999 -9999 -9999 -9999
KARL 1665525600.00004 -94.3 19.3 -1 33 -9999 -9999 -9999 -9999
KARL 1665536400.00004 -94.5 19.6 0 35 120 0 90 90
KARL 1665547200.00004 -94.7 19.9 0 35 115 0 80 80
KARL 1665558000.00004 -94.8 20.2 0 35 110 0 70 70
KARL 1665568800.00004 -94.9 20.5 0 35 105 0 60 60
KARL 1665579600.00004 -94.9 20.9 0 35 100 0 50 50
KARL 1665590400.00004 -94.9 21.2 0 38 95 30 40 50
KARL 1665601200.00004 -94.8 21.5 0 40 90 60 30 50
KARL 1665612000.00004 -94.7 21.8 0 45 80 55 30 45
KARL 1665622800.00004 -94.6 22.0 0 50 70 50 30 40
KARL 1665633600.00004 -94.4 22.2 0 50 65 50 30 40
KARL 1665644400.00004 -94.3 22.4 0 50 60 50 30 40
KARL 1665655200.00004 -94.3 22.5 0 48 60 55 35 35
KARL 1665666000.00004 -94.3 22.4 0 45 60 60 40 30
KARL 1665676800.00004 -94.2 22.2 0 45 60 65 40 30
KARL 1665687600.00004 -94.0 21.9 0 45 60 70 40 30
KARL 1665698400.00004 -93.8 21.6 0 43 30 70 20 15
KARL 1665709200.00004 -93.6 21.3 0 40 0 70 0 0
KARL 1665720000.00004 -93.3 21.1 0 40 0 65 0 0
KARL 1665730800.00004 -93.0 20.9 0 40 0 60 0 0
KARL 1665741600.00004 -92.8 20.6 0 38 0 55 0 0
KARL 1665752400.00004 -92.6 20.3 0 35 0 50 0 0
KARL 1665763200.00004 -92.6 20.0 0 35 0 50 0 0
KARL 1665774000.00004 -92.6 19.8 0 35 0 50 0 0
KARL 1665784800.00004 -92.6 19.6 0 35 0 45 0 0
KARL 1665795600.00004 -92.6 19.4 0 35 0 40 0 0
KARL 1665806400.00004 -92.6 19.2 -1 33 -9999 -9999 -9999 -9999
KARL 1665817200.00004 -92.7 19.0 -3 30 -9999 -9999 -9999 -9999
KARL 1665828000.00004 -92.8 18.8 -3 28 -9999 -9999 -9999 -9999
KARL 1665838800.00004 -92.9 18.7 -3 25 -9999 -9999 -9999 -9999
KARL 1665849600.00004 -93.1 18.6 -3 23 -9999 -9999 -9999 -9999
KARL 1665860400.00004 -93.3 18.5 -3 20 -9999 -9999 -9999 -9999
KARL 1665871200.00004 -93.6 18.4 -3 20 -9999 -9999 -9999 -9999
KARL 1665882000.00004 -94.0 18.4 -3 20 -9999 -9999 -9999 -9999
LISA 1667178000.00004 -73.3 15.7 -3 35 100 0 0 50
LISA 1667188800.00004 -73.9 15.7 -3 35 100 0 0 50
LISA 1667199600.00004 -74.4 15.7 -3 35 100 0 0 50
LISA 1667210400.00004 -74.9 15.7 -3 35 95 35 0 25
LISA 1667221200.00004 -75.5 15.6 -3 35 90 70 0 0
LISA 1667232000.00004 -76.1 15.5 -3 35 90 70 0 0
LISA 1667242800.00004 -76.7 15.5 0 35 90 70 0 0
LISA 1667253600.00004 -77.3 15.5 0 38 90 70 0 0
LISA 1667264400.00004 -77.8 15.5 0 40 90 70 0 0
LISA 1667275200.00004 -78.3 15.5 0 40 90 70 0 0
LISA 1667286000.00004 -78.8 15.6 0 40 90 70 0 0
LISA 1667296800.00004 -79.3 15.7 0 40 90 70 0 0
LISA 1667307600.00004 -79.9 15.9 0 40 90 70 0 0
LISA 1667318400.00004 -80.5 16.0 0 43 75 65 0 10
LISA 1667329200.00004 -81.2 16.2 0 45 60 60 0 20
LISA 1667340000.00004 -81.8 16.4 0 48 60 60 0 20
LISA 1667350800.00004 -82.5 16.5 0 50 60 60 0 20
LISA 1667361600.00004 -83.3 16.6 0 53 60 60 10 40
LISA 1667372400.00004 -84.1 16.7 0 55 60 60 20 60
LISA 1667383200.00004 -84.8 16.9 0 58 60 60 20 60
LISA 1667394000.00004 -85.5 17.0 0 60 60 60 20 60
LISA 1667404800.00004 -86.1 17.1 1 65 60 60 20 60
LISA 1667415600.00004 -86.7 17.1 1 70 60 60 20 60
LISA 1667426400.00004 -87.2 17.2 1 73 55 55 25 55
LISA 1667437200.00004 -87.7 17.3 1 75 50 50 30 50
LISA 1667448000.00004 -88.2 17.4 1 79 50 50 30 41
LISA 1667449800.000054 -88.3 17.4 1 80 50 50 30 40
LISA 1667458800.00004 -88.6 17.5 1 65 50 50 30 40
LISA 1667469600.00004 -89.1 17.6 0 55 40 40 25 35
LISA 1667480400.00004 -89.6 17.7 0 45 30 30 20 30
LISA 1667491200.00004 -90.1 17.8 0 38 15 15 10 15
LISA 1667502000.00004 -90.6 17.9 -1 30 -9999 -9999 -9999 -9999
LISA 1667512800.00004 -91.2 18.0 -1 30 -9999 -9999 -9999 -9999
LISA 1667523600.00004 -91.7 18.0 -1 30 -9999 -9999 -9999 -9999
LISA 1667534400.00004 -92.2 18.0 -1 30 -9999 -9999 -9999 -9999
LISA 1667545200.00004 -92.7 18.1 -1 30 -9999 -9999 -9999 -9999
LISA 1667556000.00004 -93.2 18.2 -1 30 -9999 -9999 -9999 -9999
LISA 1667566800.00004 -93.6 18.3 -1 30 -9999 -9999 -9999 -9999
LISA 1667577600.00004 -94.1 18.5 -1 28 -9999 -9999 -9999 -9999
LISA 1667588400.00004 -94.5 18.7 -1 25 -9999 -9999 -9999 -9999
LISA 1667599200.00004 -94.9 19.0 -1 25 -9999 -9999 -9999 -9999
LISA 1667610000.00004 -95.2 19.2 -1 25 -9999 -9999 -9999 -9999
LISA 1667620800.00004 -95.4 19.3 -1 25 -9999 -9999 -9999 -9999
LISA 1667631600.00004 -95.4 19.4 -1 25 -9999 -9999 -9999 -9999
LISA 1667642400.00004 -95.4 19.5 -1 25 -9999 -9999 -9999 -9999
LISA 1667653200.00004 -95.4 19.7 -1 25 -9999 -9999 -9999 -9999
MARTIN 1667178000.00004 -64.0 34.2 -4 40 180 0 0 120
MARTIN 1667188800.00004 -63.6 34.4 -4 43 180 0 0 120
MARTIN 1667199600.00004 -63.1 34.6 -4 45 180 0 0 120
MARTIN 1667210400.00004 -62.6 34.8 -4 45 180 0 0 135
MARTIN 1667221200.00004 -62.2 34.9 -4 45 180 0 0 150
MARTIN 1667232000.00004 -61.9 35.0 -4 43 180 0 0 150
MARTIN 1667242800.00004 -61.6 35.0 -4 40 180 0 0 150
MARTIN 1667253600.00004 -61.3 35.0 -4 40 180 0 0 150
MARTIN 1667264400.00004 -60.9 35.0 -4 40 180 0 0 150
MARTIN 1667275200.00004 -60.3 35.0 -4 38 165 20 0 150
MARTIN 1667286000.00004 -59.6 35.1 -4 35 150 40 0 150
MARTIN 1667296800.00004 -58.7 35.2 -4 35 135 40 0 135
MARTIN 1667307600.00004 -57.9 35.2 -4 35 120 40 0 120
MARTIN 1667318400.00004 -57.3 35.3 -4 38 105 50 30 105
MARTIN 1667329200.00004 -56.7 35.3 0 40 90 60 60 90
MARTIN 1667340000.00004 -56.1 35.3 0 43 75 75 75 85
MARTIN 1667350800.00004 -55.4 35.3 0 45 60 90 90 80
MARTIN 1667361600.00004 -54.8 35.2 0 48 60 90 90 80
MARTIN 1667372400.00004 -54.2 35.1 0 50 60 90 90 80
MARTIN 1667383200.00004 -53.7 35.0 0 53 70 95 95 85
MARTIN 1667394000.00004 -53.0 35.0 0 55 80 100 100 90
MARTIN 1667404800.00004 -52.0 35.0 0 60 90 110 100 80
MARTIN 1667415600.00004 -50.9 35.1 1 65 100 120 100 70
MARTIN 1667426400.00004 -49.9 35.5 1 70 110 135 100 70
MARTIN 1667437200.00004 -48.9 36.1 1 75 120 150 100 70
MARTIN 1667448000.00004 -47.7 37.0 1 75 150 165 110 80
MARTIN 1667458800.00004 -46.4 38.0 1 75 180 180 120 90
MARTIN 1667469600.00004 -45.2 39.0 1 75 210 210 165 135
MARTIN 1667480400.00004 -43.6 40.3 1 75 240 240 210 180
MARTIN 1667491200.00004 -41.3 41.8 1 75 270 270 255 240
MARTIN 1667502000.00004 -38.8 43.7 -4 75 300 300 300 300
MARTIN 1667512800.00004 -36.5 46.3 -4 75 330 360 345 345
MARTIN 1667523600.00004 -35.3 49.0 -4 75 360 420 390 390
MARTIN 1667534400.00004 -36.3 51.1 -4 73 390 480 420 420
MARTIN 1667545200.00004 -38.0 52.7 -4 70 420 540 450 450
MARTIN 1667556000.00004 -38.1 53.9 -4 68 375 570 495 450
MARTIN 1667566800.00004 -37.7 54.7 -4 65 330 600 540 450
MARTIN 1667577600.00004 -37.5 55.3 -4 63 300 660 600 450
MARTIN 1667588400.00004 -37.2 55.8 -4 60 270 720 660 450
MARTIN 1667599200.00004 -36.9 56.2 -4 58 240 720 660 450
MARTIN 1667610000.00004 -36.5 56.5 -4 55 210 720 660 450
NICOLE 1667764800.00004 -66.8 20.6 -3 30 -9999 -9999 -9999 -9999
NICOLE 1667775600.00004 -66.7 21.5 -3 33 -9999 -9999 -9999 -9999
NICOLE 1667786400.00004 -66.8 22.4 -3 35 120 0 0 0
NICOLE 1667797200.00004 -67.1 23.2 -3 35 180 120 0 0
NICOLE 1667808000.00004 -67.5 23.9 -3 35 240 240 0 0
NICOLE 1667818800.00004 -67.8 24.6 -3 38 240 240 0 0
NICOLE 1667829600.00004 -68.2 25.2 -2 40 240 240 0 0
NICOLE 1667840400.00004 -68.7 25.6 -2 40 240 240 0 35
NICOLE 1667851200.00004 -69.3 25.9 -2 40 240 240 0 70
NICOLE 1667862000.00004 -69.9 26.2 -2 40 255 255 0 75
NICOLE 1667872800.00004 -70.3 26.4 -2 40 270 270 0 80
NICOLE 1667883600.00004 -70.5 26.6 -2 40 270 270 0 130
NICOLE 1667894400.00004 -70.7 26.8 -2 40 270 270 0 180
NICOLE 1667905200.00004 -70.9 27.2 -2 40 255 255 0 255
NICOLE 1667916000.00004 -71.2 27.5 -2 40 240 240 0 330
NICOLE 1667926800.00004 -71.6 27.7 -2 43 240 240 0 330
NICOLE 1667937600.00004 -72.1 27.7 -2 45 240 240 0 330
NICOLE 1667948400.00004 -72.7 27.7 -2 48 240 240 0 330
NICOLE 1667959200.00004 -73.3 27.6 0 50 240 240 0 330
NICOLE 1667970000.00004 -73.8 27.4 0 55 270 240 15 330
NICOLE 1667980800.00004 -74.3 27.2 0 60 300 240 30 330
NICOLE 1667991600.00004 -74.8 27.0 0 60 330 180 45 365
NICOLE 1668002400.00004 -75.3 26.8 0 60 360 120 60 400
NICOLE 1668013200.00004 -75.7 26.6 0 58 360 120 60 400
NICOLE 1668024000.00004 -76.2 26.5 0 55 360 120 60 400
NICOLE 1668034800.00004 -76.7 26.5 0 58 360 120 60 400
NICOLE 1668042000.000054 -77.1 26.5 0 60 360 120 60 400
NICOLE 1668045600.00004 -77.3 26.5 0 60 420 80 60 390
NICOLE 1668056400.00004 -77.8 26.5 0 63 420 80 60 390
NICOLE 1668063600.000054 -78.2 26.6 1 65 420 80 60 390
NICOLE 1668067200.00004 -78.4 26.7 1 65 420 80 60 390
NICOLE 1668078000.00004 -79.0 27.0 1 65 405 85 120 345
NICOLE 1668088800.00004 -79.8 27.3 1 65 390 90 180 300
NICOLE 1668095100.000067 -80.3 27.6 1 65 390 90 180 300
NICOLE 1668099600.00004 -80.7 27.7 0 62 372 90 171 271
NICOLE 1668110400.00004 -81.6 28.0 0 55 330 90 150 200
NICOLE 1668121200.00004 -82.2 28.4 0 48 265 75 125 165
NICOLE 1668132000.00004 -82.8 29.0 0 40 200 60 100 130
NICOLE 1668135600.000067 -83.0 29.2 0 40 200 60 100 130
NICOLE 1668142800.00004 -83.4 29.6 0 38 200 60 100 118
NICOLE 1668153600.00004 -84.0 30.1 0 35 200 60 100 100
NICOLE 1668164400.00004 -84.4 30.6 -1 33 -9999 -9999 -9999 -9999
NICOLE 1668175200.00004 -84.6 31.2 -1 30 -9999 -9999 -9999 -9999
NICOLE 1668186000.00004 -84.7 32.1 -1 28 -9999 -9999 -9999 -9999
NICOLE 1668196800.00004 -84.6 33.2 -1 25 -9999 -9999 -9999 -9999
NICOLE 1668207600.00004 -84.3 34.3 -1 25 -9999 -9999 -9999 -9999
NICOLE 1668218400.00004 -83.8 35.4 -3 25 -9999 -9999 -9999 -9999
